     8.000     6.000     2.000     2.000     2.000     1.000     0.000     0.000     1.000     2.901     1.178    -0.096     0.092
    12.000         *         *     0.000     1.000     1.000     0.000     2.000     0.000     1.728     1.530    -0.033     0.104
     8.000     0.000         *     0.000     0.000     5.000     2.000     7.000         *     1.599     1.389     0.114     0.112
     8.000         *         *     2.000     4.000     3.000     3.000     3.000     1.000     3.604     1.530    -0.062     0.104
     7.000     0.000     0.000     1.000     2.000     1.000         *         *         *     1.218     1.200     0.024     0.123
     7.000     0.000     1.000     0.000     0.000     0.000     0.000     0.000     0.000     0.934     1.178    -0.024     0.092
     4.000     0.000     0.000         *     4.000     4.000     2.000     2.000     6.000     1.744     1.305     0.080     0.095
     6.000         *         *     0.000     0.000     6.000     3.000     0.000         *     2.255     1.549    -0.021     0.118
    13.000     3.000     5.000     5.000     5.000     6.000         *         *         *     5.102     1.200    -0.061     0.123
     8.000     4.000     2.000     1.000     0.000     0.000     4.000         *         *     2.206     1.192    -0.021     0.119
     7.000     5.000     5.000     5.000     6.000         *     2.000         *         *     5.156     1.218    -0.102     0.120
     7.000     4.000     3.000     2.000     1.000     0.000     1.000     0.000     0.000     2.750     1.178    -0.102     0.092
     9.000     2.000     3.000     6.000     1.000     0.000     4.000         *         *     3.441     1.192    -0.063     0.119
    17.000     8.000     1.000     0.000     0.000     1.000     3.000     1.000     1.000     2.554     1.178    -0.061     0.092
     6.000     6.000     0.000         *     0.000     0.000     0.000     0.000     1.000     1.829     1.305    -0.055     0.095
    12.000     1.000     1.000     3.000     3.000     1.000     3.000     4.000     5.000     2.271     1.178     0.053     0.092
     7.000     6.000     0.000     1.000     0.000     0.000         *    11.000     6.000     1.694     1.190     0.160     0.093
    10.000    11.000         *     0.000     7.000     5.000     8.000     9.000         *     5.602     1.389     0.014     0.112
     8.000     0.000     1.000     0.000     0.000     0.000         *         *         *     0.959     1.200     0.008     0.123
     9.000     3.000     4.000     1.000     0.000         *     1.000         *     0.000     2.787     1.211    -0.083     0.098
     7.000     9.000     2.000     2.000         *     1.000     1.000     0.000     0.000     3.531     1.237    -0.132     0.093
    10.000     3.000     2.000     0.000     0.000     0.000     0.000     1.000     3.000     1.598     1.178    -0.008     0.092
    10.000     9.000         *     7.000     3.000     2.000     8.000     4.000     4.000     6.183     1.374    -0.113     0.098
     7.000     2.000         *     0.000     3.000     0.000     0.000     0.000     0.000     1.852     1.374    -0.060     0.098
    12.000     3.000     8.000     8.000     5.000     4.000     4.000     3.000     2.000     6.491     1.178    -0.168     0.092
    14.000    14.000    14.000    14.000    11.000    10.000    10.000         *    14.000    12.400     1.178    -0.139     0.098
    13.000     9.000     8.000     4.000    10.000    10.000     9.000    11.000    10.000     7.683     1.178     0.032     0.092
     5.000     1.000     0.000     0.000     0.000     1.000     0.000     2.000         *     0.775     1.191     0.030     0.106
     8.000         *     2.000     0.000     0.000     0.000     0.000     0.000     0.000     1.463     1.272    -0.050     0.095
     9.000     7.000     6.000     7.000     6.000     3.000     2.000     3.000     0.000     6.246     1.178    -0.197     0.092
    11.000     6.000     1.000     1.000     0.000     4.000    12.000         *     0.000     3.173     1.178    -0.015     0.098
    10.000         *     4.000     0.000     1.000     0.000     0.000     0.000     3.000     2.192     1.272    -0.044     0.095
     9.000     5.000    12.000     2.000     5.000         *     6.000     3.000     4.000     6.748     1.210    -0.143     0.092
     5.000     6.000     6.000     6.000     7.000     5.000     5.000     5.000    11.000     5.740     1.178     0.018     0.092
     4.000     0.000         *         *         *         *    10.000     0.000     0.000     3.573     1.899    -0.068     0.109
     5.000     7.000     2.000     0.000     1.000     0.000         *     7.000    13.000     1.982     1.190     0.194     0.093
     7.000     2.000     0.000     1.000     0.000     0.000     2.000     3.000     2.000     1.176     1.178     0.035     0.092
     7.000     0.000     0.000     0.000     6.000     8.000     3.000     8.000    10.000     1.903     1.178     0.220     0.092
    10.000     1.000     0.000     0.000     0.000     0.000     2.000     3.000     1.000     0.920     1.178     0.034     0.092
     6.000     6.000     6.000     6.000     5.000         *         *         *         *     5.839     1.231    -0.103     0.125
     3.000     5.000     8.000     4.000     2.000         *         *         *         *     5.324     1.231    -0.110     0.125
     6.000     0.000     0.000     0.000     0.000     0.000     0.000     0.000     0.000     0.617     1.178    -0.009     0.092
    10.000     7.000     8.000         *         *     9.000    11.000         *         *     7.998     1.398    -0.080     0.121
     8.000     4.000         *     3.000     0.000     7.000     0.000     0.000     0.000     3.574     1.374    -0.116     0.098
    11.000     5.000     2.000     0.000     0.000     3.000     2.000     2.000     3.000     2.317     1.178    -0.007     0.092
     5.000     3.000     4.000     4.000     2.000     4.000         *         *     0.000     3.910     1.191    -0.099     0.099
    10.000     3.000     3.000     1.000     0.000     1.000     5.000     8.000     0.000     2.654     1.178     0.018     0.092
    10.000     3.000     2.000     0.000     0.000     0.000     0.000     0.000     0.000     1.743     1.178    -0.064     0.092
     9.000     2.000     0.000     2.000     7.000     3.000     0.000     0.000     0.000     2.642     1.178    -0.071     0.092
     9.000     7.000     5.000     8.000     6.000     5.000    10.000         *         *     6.554     1.192    -0.068     0.119
    15.000     5.000     4.000     2.000     0.000    10.000     8.000    10.000    14.000     3.908     1.178     0.216     0.092
     8.000     7.000     0.000     0.000     4.000     0.000     2.000    11.000     0.000     2.395     1.178     0.052     0.092
    15.000     3.000     0.000     0.000         *     8.000     0.000         *     0.000     2.318     1.238    -0.028     0.098
    12.000     5.000     9.000    10.000     6.000    10.000     8.000     6.000     3.000     8.410     1.178    -0.158     0.092
     8.000     3.000     1.000     0.000         *     0.000     0.000     0.000     0.000     1.573     1.237    -0.052     0.093
     7.000     0.000     0.000     0.000     0.000         *     0.000         *     0.000     0.706     1.211    -0.002     0.098
    11.000     0.000     0.000     0.000     0.000     0.000     0.000         *         *     0.682     1.192     0.008     0.119
    14.000     4.000     2.000     0.000     0.000     0.000    14.000     1.000     8.000     2.333     1.178     0.096     0.092
    14.000     6.000     1.000     0.000         *     0.000    11.000     0.000         *     2.814     1.246    -0.020     0.107
    11.000     0.000     3.000     3.000     7.000     5.000     8.000    13.000    11.000     3.618     1.178     0.227     0.092
    12.000     1.000     3.000         *     6.000     7.000     5.000     2.000         *     4.274     1.317    -0.037     0.109
    11.000     7.000     4.000     1.000     5.000     2.000         *         *         *     4.104     1.200    -0.077     0.123
     9.000     6.000     6.000     4.000     1.000     2.000     1.000         *         *     4.556     1.192    -0.138     0.119
    12.000     3.000     2.000     2.000     2.000     2.000     1.000     2.000     2.000     2.644     1.178    -0.037     0.092
    14.000     9.000     4.000     3.000     4.000     5.000     0.000     0.000    15.000     4.242     1.178     0.040     0.092
         *     0.000     0.000     0.000     0.000     0.000     0.000     0.000     0.000     0.500     1.191    -0.002     0.093
    17.000    13.000     6.000     2.000     4.000         *         *         *         *     6.125     1.231    -0.145     0.125
    13.000     2.000     4.000     2.000     5.000         *         *    15.000         *     3.861     1.231     0.191     0.108
    10.000     4.000         *    11.000     3.000     5.000         *         *         *     6.567     1.406    -0.134     0.127
    14.000     9.000     8.000     7.000    10.000         *     3.000         *         *     7.982     1.218    -0.185     0.120
     8.000     3.000     8.000     5.000     2.000     0.000     2.000     0.000     6.000     4.648     1.178    -0.104     0.092
    11.000     1.000     1.000     0.000     4.000     3.000     3.000         *         *     2.028     1.192     0.028     0.119
    10.000    10.000     5.000     0.000     0.000         *     5.000     3.000     3.000     4.151     1.210    -0.066     0.092
    16.000     2.000     2.000     5.000     8.000    13.000    10.000    12.000     4.000     5.515     1.178     0.088     0.092
    11.000     6.000         *     5.000     5.000         *     1.000     0.000     5.000     4.973     1.429    -0.113     0.098
    13.000     2.000     1.000     0.000     2.000     0.000     0.000     0.000     1.000     1.579     1.178    -0.038     0.092
    12.000     3.000     4.000     3.000     0.000     5.000     5.000     3.000         *     3.646     1.191    -0.030     0.106
    11.000     8.000     7.000     7.000     4.000     0.000     0.000     4.000     3.000     5.927     1.178    -0.164     0.092
    10.000     2.000         *     0.000     0.000     2.000     0.000     0.000     1.000     1.594     1.374    -0.035     0.098
     4.000     5.000     6.000     5.000     3.000     0.000     5.000     0.000     0.000     4.863     1.178    -0.172     0.092
    13.000     0.000     0.000     0.000     0.000     0.000         *     0.000    14.000     0.208     1.190     0.201     0.093
    12.000     8.000     7.000     9.000    10.000     6.000     3.000     1.000     1.000     8.012     1.178    -0.259     0.092
    14.000         *     1.000     5.000     2.000    10.000     0.000    13.000    15.000     3.230     1.272     0.261     0.095
     7.000     0.000     0.000     0.000         *     0.000     0.000     1.000     8.000     0.391     1.237     0.118     0.093
    15.000     5.000     1.000     1.000     0.000     2.000     1.000     4.000     0.000     2.332     1.178    -0.032     0.092
     9.000         *     4.000     4.000     2.000     1.000     0.000     0.000     0.000     3.625     1.272    -0.140     0.095
    13.000     5.000     1.000     3.000     2.000     3.000     4.000     8.000     7.000     2.919     1.178     0.103     0.092
    12.000    13.000    10.000     8.000    11.000     6.000    11.000     7.000    11.000     9.520     1.178    -0.092     0.092
    12.000     5.000     4.000     1.000     6.000     6.000     2.000         *     1.000     4.343     1.178    -0.088     0.098
    14.000         *         *         *    11.000     3.000         *     1.000     1.000     7.230     1.915    -0.227     0.114
    11.000     1.000     1.000     0.000     0.000         *    11.000     0.000         *     1.829     1.218     0.037     0.106
     9.000         *         *         *         *     8.000     3.000    11.000    12.000     6.138     2.132     0.083     0.121
    18.000    16.000    18.000         *    12.000     5.000     5.000     9.000    12.000    13.083     1.305    -0.258     0.095
    15.000     9.000    16.000    16.000    11.000    15.000     8.000     6.000     4.000    13.556     1.178    -0.349     0.092
    15.000    10.000     9.000    12.000    12.000     6.000    15.000     9.000     6.000    10.317     1.178    -0.140     0.092
    12.000     4.000     0.000     2.000     0.000     1.000     0.000         *     0.000     1.879     1.178    -0.055     0.098
    17.000     8.000         *     4.000     7.000     2.000     2.000     4.000     0.000     5.788     1.374    -0.170     0.098
    12.000     5.000     0.000     5.000     2.000     0.000     1.000     2.000     2.000     2.815     1.178    -0.052     0.092
    11.000         *     0.000     6.000    13.000     7.000    18.000         *     0.000     6.381     1.272    -0.049     0.101
    17.000     4.000     1.000     1.000     0.000     1.000     4.000         *         *     2.188     1.192    -0.014     0.119
    13.000     6.000     4.000     3.000         *    16.000    12.000         *         *     6.205     1.246     0.069     0.119
    16.000     0.000     2.000     2.000     0.000     0.000     0.000     2.000     1.000     1.816     1.178    -0.029     0.092
    11.000     8.000     5.000     6.000     2.000     3.000     4.000     9.000     9.000     5.071     1.178     0.040     0.092
    16.000     4.000     1.000     0.000     1.000         *     0.000     0.000     0.000     1.989     1.210    -0.068     0.092
    13.000     5.000     1.000     4.000     1.000     1.000     3.000         *     1.000     3.032     1.178    -0.065     0.098
    13.000     3.000     0.000     3.000     6.000     4.000     3.000         *         *     3.074     1.192     0.003     0.119
     8.000     8.000     3.000     3.000     4.000     4.000     2.000     2.000     1.000     4.386     1.178    -0.113     0.092
    12.000    10.000    11.000     7.000     6.000     2.000     0.000     4.000     6.000     7.743     1.178    -0.198     0.092
     9.000     8.000     6.000     4.000     8.000     6.000     4.000     5.000     4.000     6.212     1.178    -0.094     0.092
    13.000     4.000         *     2.000         *     3.000     0.000     2.000     5.000     3.186     1.473    -0.023     0.100
    13.000     6.000     2.000     0.000    14.000     4.000    15.000         *     4.000     5.142     1.178     0.029     0.098
    11.000     8.000     0.000     0.000     0.000     0.000     0.000     0.000     3.000     1.771     1.178    -0.031     0.092
     9.000     7.000     5.000     9.000     5.000     0.000         *     6.000     3.000     5.970     1.190    -0.112     0.093
    13.000     0.000     0.000     0.000     0.000     0.000     0.000     0.000     1.000     0.715     1.178    -0.002     0.092
     8.000     9.000     4.000     4.000     6.000         *         *         *         *     5.394     1.231    -0.091     0.125
    14.000         *         *    10.000     5.000     0.000     3.000     4.000     1.000     6.541     1.530    -0.196     0.104
     8.000     4.000     0.000     5.000     1.000     0.000     5.000     6.000         *     2.593     1.191     0.046     0.106
    13.000     3.000     1.000     2.000     1.000     1.000     0.000     0.000     1.000     2.127     1.178    -0.061     0.092
    14.000    11.000     9.000     6.000     4.000         *     2.000     0.000     0.000     7.522     1.210    -0.293     0.092
    16.000     0.000     0.000     0.000     0.000     0.000     2.000     0.000     8.000     0.537     1.178     0.106     0.092
     5.000     4.000     4.000     4.000     0.000     0.000     2.000     0.000     0.000     3.361     1.178    -0.126     0.092
    14.000     2.000     1.000     0.000     2.000     2.000     0.000     0.000     0.000     1.841     1.178    -0.054     0.092
    12.000     7.000     9.000    10.000     9.000     6.000     8.000    10.000     3.000     8.744     1.178    -0.139     0.092
    15.000    11.000     1.000     0.000         *     0.000    10.000     0.000     0.000     3.702     1.237    -0.099     0.093
    17.000    16.000    11.000     5.000     5.000     4.000     3.000     3.000     4.000     8.623     1.178    -0.260     0.092
    13.000    11.000    11.000     3.000         *         *         *    10.000         *     8.188     1.301    -0.082     0.108
    10.000    10.000     1.000     0.000         *     3.000     2.000     5.000     0.000     3.312     1.237    -0.052     0.093
    13.000     7.000     1.000     6.000     7.000     7.000    12.000         *     4.000     5.494     1.178    -0.009     0.098
     7.000     5.000     6.000     9.000    10.000         *         *         *         *     7.175     1.231    -0.104     0.125
    10.000     0.000     1.000     0.000     0.000     0.000     4.000         *     2.000     1.119     1.178     0.034     0.098
    13.000    10.000         *         *    13.000     5.000     3.000     7.000     2.000     8.868     1.591    -0.216     0.104
    11.000     3.000     1.000     1.000     4.000     9.000     5.000     1.000         *     3.197     1.191     0.000     0.106
    19.000     9.000     3.000     3.000    11.000     3.000     4.000     1.000     6.000     5.464     1.178    -0.088     0.092
    14.000     8.000     7.000    10.000     5.000         *         *         *         *     7.643     1.231    -0.162     0.125
    14.000    10.000     7.000     1.000    13.000     5.000         *    10.000     3.000     7.018     1.190    -0.071     0.093
    16.000     5.000     1.000     1.000     0.000     1.000     4.000     5.000     2.000     2.322     1.178     0.017     0.092
    14.000    11.000         *     7.000     4.000         *     4.000     0.000    12.000     6.579     1.429    -0.080     0.098
    15.000     3.000     0.000     0.000     1.000     0.000     0.000     2.000     1.000     1.348     1.178    -0.008     0.092
    11.000     4.000     3.000     3.000     4.000     0.000     1.000         *     8.000     3.072     1.178     0.035     0.098
    13.000     5.000     7.000     7.000     4.000     8.000     4.000         *         *     6.467     1.192    -0.115     0.119
    12.000     2.000     1.000     0.000     9.000     6.000    11.000     4.000     7.000     3.377     1.178     0.107     0.092
    12.000    12.000         *         *     0.000     3.000     0.000     0.000     0.000     5.266     1.591    -0.218     0.104
    16.000     8.000    12.000     5.000    11.000     3.000     3.000     7.000     3.000     8.475     1.178    -0.202     0.092
    12.000    11.000     7.000     0.000     0.000     0.000         *         *         *     4.576     1.200    -0.160     0.123
    12.000     0.000     0.000     0.000     1.000     1.000     2.000     2.000     3.000     0.939     1.178     0.055     0.092
     9.000         *     2.000     2.000     5.000     5.000     2.000     2.000     4.000     3.261     1.272    -0.012     0.095
     6.000     7.000     6.000     6.000     2.000     5.000     3.000     2.000     3.000     5.520     1.178    -0.133     0.092
     7.000     0.000         *         *     7.000     1.000     4.000     7.000     3.000     3.675     1.591     0.015     0.104
    12.000     2.000     1.000     0.000     0.000     0.000     0.000     0.000    12.000     0.742     1.178     0.135     0.092
    13.000     1.000     1.000     2.000     1.000     0.000     1.000     0.000         *     1.803     1.191    -0.048     0.106
    14.000     1.000     1.000     2.000     7.000         *     7.000     5.000     3.000     3.193     1.210     0.040     0.092
    11.000     8.000     5.000     6.000         *     7.000     6.000     2.000     2.000     6.342     1.237    -0.150     0.093
    15.000    13.000     7.000     2.000     3.000     2.000     0.000     8.000     3.000     5.741     1.178    -0.110     0.092
    10.000     8.000     6.000     3.000     1.000     0.000     0.000     0.000     0.000     4.466     1.178    -0.191     0.092
     9.000     5.000     2.000     0.000     0.000    10.000     5.000     3.000     0.000     3.259     1.178    -0.029     0.092
    16.000    12.000    13.000    13.000     9.000     1.000     4.000    12.000     4.000    10.683     1.178    -0.241     0.092
    16.000     9.000     8.000     6.000     9.000     7.000     9.000     8.000     5.000     7.999     1.178    -0.097     0.092
    11.000         *     7.000     8.000     9.000     8.000     9.000     8.000     6.000     7.906     1.272    -0.072     0.095
     9.000     4.000     0.000     2.000     0.000     2.000     3.000     4.000     2.000     1.985     1.178     0.023     0.092
    13.000    10.000     9.000     6.000    11.000     9.000    11.000     6.000     4.000     8.990     1.178    -0.153     0.092
     9.000         *     1.000     0.000     2.000     1.000     4.000     2.000         *     1.711     1.287     0.021     0.110
    12.000    11.000     9.000     8.000         *     7.000     6.000     6.000     5.000     8.590     1.237    -0.167     0.093
    12.000         *     1.000     6.000         *         *     2.000     1.000         *     3.598     1.406    -0.082     0.110
    15.000     6.000     3.000     0.000     0.000     1.000     0.000     0.000         *     2.681     1.191    -0.104     0.106
    11.000         *         *     2.000     1.000     1.000     7.000     2.000     1.000     3.051     1.530    -0.043     0.104
    13.000         *         *     9.000         *     3.000     3.000     5.000     9.000     6.342     1.672    -0.057     0.106
    10.000         *    10.000     4.000     3.000         *     2.000     1.000         *     6.329     1.322    -0.213     0.110
    15.000         *     3.000     5.000    11.000     8.000     9.000     6.000     5.000     6.213     1.272    -0.024     0.095
    10.000     0.000     0.000     1.000     0.000     2.000     0.000     1.000     1.000     1.066     1.178     0.004     0.092
     9.000     1.000         *     5.000         *     0.000         *     3.000     1.000     3.389     1.505    -0.067     0.100
    14.000     9.000     6.000     2.000    10.000    13.000     4.000     2.000    10.000     6.658     1.178    -0.039     0.092
    15.000     1.000     1.000         *     2.000     0.000     0.000     4.000     2.000     1.848     1.305     0.010     0.095
    11.000         *     6.000     0.000     3.000     0.000     0.000     0.000     1.000     3.333     1.272    -0.119     0.095
    10.000         *     4.000     2.000     6.000     6.000     2.000         *     2.000     4.365     1.272    -0.071     0.101
    14.000     7.000     4.000     6.000         *         *         *     5.000     3.000     5.584     1.299    -0.086     0.093
    15.000         *     1.000     0.000         *     1.000     1.000     0.000     2.000     1.587     1.347    -0.017     0.096
    12.000         *         *     3.000    11.000     7.000     2.000     0.000     6.000     5.903     1.530    -0.110     0.104
    11.000         *     6.000     2.000         *     5.000     6.000     4.000     5.000     4.850     1.347    -0.032     0.096
    11.000    14.000     5.000     1.000         *     1.000     0.000     3.000     0.000     5.173     1.237    -0.181     0.093
    13.000     9.000     7.000     4.000         *         *         *     1.000     4.000     6.288     1.299    -0.155     0.093
    14.000    11.000    11.000     8.000     2.000     9.000     5.000     0.000     2.000     8.738     1.178    -0.293     0.092
    14.000     0.000         *     1.000     0.000     0.000     1.000     1.000     0.000     1.481     1.374    -0.033     0.098
    15.000     5.000     3.000    10.000     5.000     5.000    15.000     6.000     3.000     6.458     1.178    -0.054     0.092
    13.000    11.000         *     8.000     7.000     6.000     3.000     3.000     0.000     8.085     1.374    -0.264     0.098
    10.000     5.000     3.000     3.000     4.000     5.000    10.000     6.000     6.000     4.271     1.178     0.052     0.092
    13.000         *     9.000     6.000     0.000     0.000     2.000     0.000     0.000     5.662     1.272    -0.235     0.095
    13.000     4.000         *     0.000     0.000     4.000     7.000     2.000    12.000     2.296     1.374     0.140     0.098
    12.000         *         *     5.000     5.000         *     6.000     4.000     8.000     5.298     1.608    -0.011     0.104
    16.000    10.000         *     4.000     3.000     2.000     4.000         *         *     5.447     1.390    -0.142     0.124
     7.000     3.000     0.000     0.000         *         *     9.000     3.000    17.000     1.543     1.277     0.272     0.093
    10.000     3.000     3.000     3.000     6.000    10.000    10.000     9.000         *     4.658     1.191     0.117     0.106
     8.000     9.000     5.000     2.000         *     2.000     4.000         *         *     4.786     1.246    -0.104     0.119
    12.000     3.000     8.000     7.000     3.000     1.000     2.000     2.000     0.000     5.706     1.178    -0.199     0.092
    11.000     4.000     8.000     8.000     2.000    11.000     6.000     9.000     6.000     6.821     1.178    -0.029     0.092
    13.000    11.000    10.000     8.000     0.000         *         *         *         *     7.854     1.231    -0.215     0.125
    12.000     3.000     4.000     2.000     9.000     2.000         *         *         *     4.270     1.200    -0.050     0.123
     8.000     4.000     4.000     6.000    10.000     6.000     3.000     4.000     3.000     5.697     1.178    -0.090     0.092
    15.000     0.000     2.000     0.000     4.000     0.000     3.000     2.000     1.000     2.054     1.178    -0.015     0.092
    10.000     9.000     9.000    10.000     4.000     5.000     8.000     4.000     9.000     7.913     1.178    -0.112     0.092
    13.000     0.000     0.000     0.000    10.000    15.000     2.000     0.000     4.000     3.449     1.178     0.016     0.092
     8.000     5.000     2.000     2.000     3.000     5.000     2.000     1.000     3.000     3.280     1.178    -0.044     0.092
     8.000     4.000     4.000     3.000     5.000         *    13.000    17.000     5.000     4.894     1.210     0.163     0.092
    14.000    11.000     9.000         *    11.000    10.000     9.000    11.000     9.000     9.680     1.305    -0.069     0.095
    13.000     1.000     0.000     1.000     0.000         *     2.000    12.000     0.000     1.529     1.210     0.108     0.092
    15.000    10.000     7.000     4.000     0.000     3.000     3.000     0.000         *     5.674     1.191    -0.214     0.106
    11.000    14.000    13.000     8.000    16.000    11.000     3.000     2.000         *    11.632     1.191    -0.357     0.106
    13.000     7.000     0.000     0.000     0.000     0.000         *     0.000     0.000     1.870     1.190    -0.067     0.093
    14.000     1.000     1.000     1.000     0.000     0.000         *         *     0.000     1.512     1.191    -0.036     0.099
    11.000     7.000     5.000     5.000     4.000     3.000     4.000     3.000         *     5.271     1.191    -0.116     0.106
    11.000     6.000     5.000     1.000     0.000     0.000     0.000     2.000     3.000     3.179     1.178    -0.072     0.092
    11.000     3.000     0.000     0.000     0.000     4.000     2.000    14.000     1.000     1.669     1.178     0.143     0.092
    12.000         *     0.000     3.000     2.000     0.000         *     1.000     0.000     2.047     1.287    -0.051     0.096
    16.000     4.000     7.000     9.000     4.000     0.000         *    10.000     1.000     6.263     1.190    -0.105     0.093
    14.000         *    11.000     3.000    11.000     8.000     4.000     4.000     0.000     8.391     1.272    -0.244     0.095
    14.000    11.000     6.000     3.000     5.000     4.000     8.000     6.000     0.000     6.372     1.178    -0.140     0.092
    13.000         *    12.000     8.000     8.000     7.000     9.000     8.000     9.000     9.246     1.272    -0.106     0.095
    10.000     0.000     0.000     0.000     0.000     0.000     0.000     0.000     0.000     0.701     1.178    -0.013     0.092
    13.000     6.000     3.000     0.000     0.000         *         *     7.000     0.000     3.003     1.225    -0.017     0.093
    13.000     8.000     6.000     1.000     3.000         *         *         *         *     4.821     1.231    -0.101     0.125
     5.000         *     1.000     2.000     0.000         *     1.000     0.000     0.000     1.765     1.312    -0.050     0.095
     7.000     6.000     6.000     0.000     2.000     9.000     5.000    10.000     3.000     4.603     1.178     0.027     0.092
    14.000     8.000         *     9.000     9.000     8.000     8.000     4.000     4.000     8.613     1.374    -0.182     0.098
    10.000         *     6.000     0.000     5.000    15.000     5.000     0.000     7.000     5.292     1.272    -0.034     0.095
     8.000     3.000     0.000     0.000     1.000     1.000     0.000     0.000     2.000     1.238     1.178    -0.007     0.092
    10.000     9.000     6.000     9.000     6.000     5.000     7.000         *     7.000     7.126     1.178    -0.082     0.098
     8.000     4.000         *         *         *     6.000     1.000     0.000     0.000     4.505     1.758    -0.148     0.108
    10.000     8.000     6.000     4.000     7.000     8.000     6.000     5.000     8.000     6.199     1.178    -0.026     0.092
    17.000     6.000         *    11.000     6.000         *     7.000     5.000    14.000     7.630     1.429    -0.011     0.098
    11.000     7.000     5.000     9.000     5.000     4.000     2.000     2.000     5.000     6.138     1.178    -0.137     0.092
    11.000     4.000     2.000     0.000     0.000     0.000     1.000     0.000     1.000     1.917     1.178    -0.055     0.092
    14.000     1.000     0.000     0.000     0.000         *         *         *         *     1.049     1.231     0.013     0.125
    15.000     4.000     3.000     1.000     6.000     3.000         *     0.000         *     3.670     1.200    -0.093     0.108
    12.000     2.000         *         *     6.000     1.000     3.000     5.000         *     3.967     1.607    -0.029     0.118
    13.000     8.000     6.000     0.000     1.000     0.000     0.000     0.000     0.000     3.874     1.178    -0.166     0.092
     5.000     4.000     2.000     0.000     0.000     0.000     0.000     0.000     0.000     1.787     1.178    -0.066     0.092
    17.000     7.000     3.000     3.000     4.000    11.000     3.000     3.000     2.000     5.105     1.178    -0.085     0.092
    14.000     5.000     3.000     1.000     2.000     2.000     0.000     2.000     0.000     3.109     1.178    -0.092     0.092
    13.000     4.000     1.000     1.000     1.000     0.000     2.000     1.000     0.000     2.124     1.178    -0.057     0.092
    17.000     5.000     2.000     1.000     3.000         *     3.000     3.000     1.000     3.198     1.210    -0.050     0.092
    11.000         *    10.000     1.000     1.000     2.000         *     0.000     0.000     5.112     1.287    -0.197     0.096
    18.000    13.000     4.000     0.000     1.000     0.000     0.000     0.000     0.000     4.136     1.178    -0.182     0.092
    14.000     9.000         *         *         *     4.000     3.000     4.000         *     6.393     1.768    -0.152     0.120
     9.000     3.000     4.000     6.000         *     6.000    11.000    10.000     3.000     5.427     1.237     0.024     0.093
    13.000     6.000     4.000     1.000     6.000     7.000     2.000     4.000     0.000     4.664     1.178    -0.097     0.092
    11.000     5.000     4.000     1.000         *     0.000     0.000         *         *     3.188     1.246    -0.100     0.119
    10.000     2.000     0.000     1.000     7.000     6.000     6.000     6.000     2.000     2.978     1.178     0.054     0.092
    10.000     0.000     0.000     0.000     0.000     0.000     2.000     0.000     2.000     0.709     1.178     0.023     0.092
    14.000     7.000     4.000     3.000     0.000     5.000     6.000     7.000    10.000     4.006     1.178     0.092     0.092
    13.000     9.000     0.000     0.000     7.000         *     7.000         *         *     3.602     1.218     0.013     0.120
    10.000         *         *     2.000     0.000     2.000     0.000     1.000     2.000     2.179     1.530    -0.037     0.104
    13.000    11.000     7.000     8.000     8.000     5.000     8.000     8.000         *     7.976     1.191    -0.107     0.106
    14.000         *         *     1.000     2.000     1.000     2.000     2.000         *     2.482     1.549    -0.033     0.118
    10.000     1.000         *     1.000     0.000     0.000     0.000     0.000     0.000     1.478     1.374    -0.050     0.098
    11.000     4.000     5.000     3.000     1.000     5.000     5.000         *    12.000     3.765     1.178     0.114     0.098
    13.000     2.000     1.000     0.000     1.000     4.000         *     1.000     0.000     1.965     1.190    -0.033     0.093
    15.000         *     2.000     2.000     0.000     0.000     0.000     1.000     2.000     2.041     1.272    -0.040     0.095
    15.000     4.000         *     1.000         *         *     3.000         *     9.000     3.228     1.557     0.077     0.104
    14.000    11.000     4.000         *     1.000     0.000     0.000     0.000     0.000     4.633     1.305    -0.200     0.095
    17.000     3.000     0.000     5.000     4.000     6.000     3.000     2.000     5.000     3.422     1.178     0.002     0.092
    10.000     5.000     4.000     2.000     0.000     0.000     5.000     3.000     4.000     3.153     1.178    -0.018     0.092
     2.000         *     1.000         *         *    15.000     1.000     2.000     1.000     4.373     1.551    -0.062     0.102
    12.000    10.000    12.000     6.000     4.000         *     2.000     4.000     0.000     8.323     1.210    -0.279     0.092
     8.000     1.000         *     0.000     0.000     0.000     0.000     9.000         *     1.021     1.389     0.126     0.112
    18.000     0.000     1.000     1.000     0.000     2.000    16.000     2.000     0.000     2.442     1.178     0.024     0.092
    14.000    10.000         *    12.000     3.000     6.000    10.000     2.000     7.000     8.490     1.374    -0.175     0.098
    17.000     9.000    11.000    10.000    15.000    11.000     5.000     4.000     3.000    10.840     1.178    -0.285     0.092
    14.000    14.000     9.000     8.000     3.000     5.000     7.000     6.000     6.000     8.278     1.178    -0.158     0.092
    15.000     5.000     2.000     2.000     3.000     3.000     2.000     0.000     0.000     3.382     1.178    -0.109     0.092
    15.000     7.000     4.000     1.000    11.000     8.000    14.000    13.000         *     5.825     1.191     0.156     0.106
     7.000         *         *     8.000    11.000     6.000     3.000    13.000    16.000     7.107     1.530     0.115     0.104
     9.000     7.000     3.000     1.000     2.000     1.000         *     5.000     9.000     2.982     1.190     0.079     0.093
     9.000     0.000     0.000     0.000     0.000     2.000     1.000     1.000    10.000     0.432     1.178     0.152     0.092
    15.000    13.000    10.000    13.000     2.000     5.000    10.000    16.000     2.000     9.805     1.178    -0.147     0.092
    11.000         *     0.000     0.000     2.000     4.000     7.000         *     7.000     1.691     1.272     0.138     0.101
    13.000    12.000     9.000    14.000     8.000         *    11.000     9.000     2.000    10.714     1.210    -0.230     0.092
    11.000         *     7.000     8.000    15.000     7.000     6.000     1.000     2.000     8.720     1.272    -0.246     0.095
    20.000         *     4.000     5.000     6.000     0.000     8.000     2.000     3.000     5.019     1.272    -0.096     0.095
    13.000         *     7.000     6.000     5.000     4.000     6.000     3.000     3.000     6.311     1.272    -0.139     0.095
     6.000         *     0.000     0.000     1.000     0.000     0.000     1.000     0.000     0.886     1.272    -0.008     0.095
     3.000         *     2.000     2.000     2.000     2.000     0.000     2.000     1.000     2.346     1.272    -0.039     0.095
     6.000         *     3.000     2.000     1.000     1.000     1.000     1.000     1.000     2.553     1.272    -0.063     0.095
    19.000         *    13.000    13.000     0.000     7.000     0.000     3.000     6.000     9.323     1.272    -0.273     0.095
    11.000         *         *     7.000     0.000     0.000     0.000     8.000     6.000     3.614     1.530     0.021     0.104
     9.000         *    10.000     8.000     9.000     8.000     2.000     1.000     2.000     8.625     1.272    -0.275     0.095
    10.000         *     3.000     6.000     3.000     6.000     3.000     4.000     6.000     4.416     1.272    -0.011     0.095
    16.000         *     8.000     6.000     7.000     9.000         *     7.000     8.000     7.406     1.287    -0.049     0.096
    10.000         *     1.000     0.000     1.000     1.000     1.000     1.000     0.000     1.506     1.272    -0.028     0.095
    12.000     4.000     4.000     4.000     4.000     3.000     2.000     2.000         *     4.244     1.191    -0.096     0.106
    11.000         *    10.000    12.000     5.000         *     2.000     4.000     1.000     8.964     1.312    -0.285     0.095
     6.000     2.000     0.000     0.000     0.000     0.000     0.000         *     0.000     0.919     1.178    -0.017     0.098
    13.000    13.000     9.000    12.000    10.000    10.000     4.000     3.000     8.000    10.126     1.178    -0.224     0.092
    15.000     7.000     5.000     6.000         *     2.000     4.000     0.000     0.000     5.647     1.237    -0.203     0.093
    11.000     5.000     6.000     3.000         *         *     6.000     5.000    10.000     4.956     1.277     0.041     0.093
     7.000     5.000     3.000         *         *     6.000    10.000     3.000     0.000     5.051     1.389    -0.087     0.096
    11.000     1.000         *     2.000     0.000         *     3.000     2.000     2.000     2.243     1.429    -0.010     0.098
    12.000     4.000     3.000     0.000     0.000     0.000     0.000     0.000     0.000     2.231     1.178    -0.088     0.092
    16.000     6.000     3.000     2.000     0.000     1.000         *     0.000     0.000     3.244     1.190    -0.122     0.093
    14.000    12.000     9.000     6.000     5.000     6.000     4.000     5.000     5.000     7.790     1.178    -0.166     0.092
    14.000     3.000     1.000     0.000     1.000     2.000     1.000     3.000     2.000     1.823     1.178     0.009     0.092
    11.000     8.000         *     5.000     9.000     5.000     2.000     4.000         *     6.514     1.389    -0.144     0.112
    13.000     1.000     0.000     1.000     1.000     0.000     1.000     2.000    14.000     0.632     1.178     0.198     0.092
    15.000     1.000     0.000     1.000     0.000     3.000     1.000     4.000     4.000     1.333     1.178     0.072     0.092
    17.000     2.000     2.000     0.000     6.000     1.000     0.000     0.000     0.000     2.641     1.178    -0.086     0.092
    12.000     3.000     1.000     1.000     0.000     1.000     0.000     1.000         *     1.765     1.191    -0.038     0.106
    15.000     4.000     3.000     4.000     5.000     1.000     1.000     1.000     0.000     3.992     1.178    -0.133     0.092
    10.000    12.000     9.000     6.000     7.000     3.000     5.000     4.000     3.000     7.836     1.178    -0.207     0.092
    15.000     6.000     4.000     4.000     3.000     3.000     3.000     3.000     3.000     4.477     1.178    -0.081     0.092
     6.000     3.000     4.000     3.000     0.000     2.000         *     0.000         *     3.164     1.200    -0.098     0.108
    15.000     0.000     0.000     0.000     0.000     0.000         *         *         *     0.808     1.200     0.011     0.123
    13.000     2.000     5.000     4.000     6.000    13.000         *     1.000     0.000     5.690     1.190    -0.136     0.093
     6.000     6.000     6.000     7.000     6.000     4.000     2.000     4.000     7.000     5.785     1.178    -0.069     0.092
    13.000     6.000     7.000     7.000     9.000     7.000     8.000     7.000     1.000     7.550     1.178    -0.140     0.092
    17.000     5.000     4.000     0.000     3.000     1.000     0.000         *     3.000     3.140     1.178    -0.057     0.098
     5.000     1.000     0.000     0.000     0.000     0.000         *     0.000     0.000     0.778     1.190    -0.013     0.093
    13.000     1.000     0.000     1.000     1.000     2.000     0.000     2.000     0.000     1.467     1.178    -0.014     0.092
    12.000     7.000     5.000    14.000     8.000     9.000    10.000    15.000    12.000     8.266     1.178     0.081     0.092
     2.000     2.000     2.000     0.000     0.000     0.000         *     6.000         *     1.412     1.200     0.076     0.108
    13.000     9.000         *         *     9.000     0.000     2.000     2.000     1.000     6.427     1.591    -0.213     0.104
    15.000     9.000     5.000     4.000     4.000     2.000     2.000     2.000     0.000     5.353     1.178    -0.181     0.092
    12.000         *         *     0.000     4.000     4.000     3.000         *         *     3.048     1.550    -0.013     0.129
    10.000    10.000    10.000     5.000     6.000     2.000     4.000     2.000     1.000     7.422     1.178    -0.249     0.092
    15.000     9.000     3.000     3.000     1.000     1.000     1.000     0.000     0.000     3.982     1.178    -0.159     0.092
     9.000     4.000     2.000     1.000     1.000     0.000     0.000     0.000     0.000     2.224     1.178    -0.084     0.092
     7.000         *     0.000     0.000         *         *         *     0.000     0.000     1.045     1.430    -0.019     0.097
    15.000    11.000     8.000     6.000     5.000         *         *         *         *     7.519     1.231    -0.172     0.125
    15.000         *         *     5.000     1.000     0.000     0.000     3.000     0.000     3.547     1.530    -0.109     0.104
    14.000         *     6.000     6.000     2.000     1.000    12.000     7.000    14.000     4.976     1.272     0.120     0.095
    16.000         *         *         *    12.000     3.000     1.000     1.000     0.000     7.223     1.851    -0.256     0.114
     7.000         *     4.000     2.000     1.000     3.000     0.000     2.000     0.000     3.147     1.272    -0.089     0.095
    18.000         *     3.000     0.000     2.000     0.000     3.000     2.000     3.000     2.405     1.272    -0.013     0.095
    14.000         *     1.000     3.000     3.000     0.000     1.000         *     3.000     2.411     1.272    -0.017     0.101
    13.000         *     2.000     1.000     0.000     0.000     0.000         *     0.000     1.847     1.272    -0.059     0.101
    13.000         *    10.000     6.000     6.000     2.000    12.000     2.000     3.000     7.653     1.272    -0.189     0.095
     7.000         *     4.000     2.000     6.000     3.000     7.000         *     3.000     4.219     1.272    -0.030     0.101
     7.000         *     0.000     0.000     0.000     1.000         *     1.000     3.000     0.782     1.287     0.044     0.096
    12.000         *     6.000     4.000     6.000         *     3.000     3.000     1.000     5.539     1.312    -0.142     0.095
    10.000         *     9.000     9.000     7.000     8.000         *     8.000         *     8.409     1.298    -0.116     0.111
    13.000         *    12.000    10.000     9.000     7.000         *         *     6.000     9.979     1.288    -0.201     0.102
    10.000         *     3.000     2.000     3.000     4.000     8.000     4.000     5.000     3.543     1.272     0.032     0.095
    15.000         *     5.000    15.000     4.000     9.000    13.000         *    12.000     8.350     1.272     0.007     0.101
    11.000         *     1.000     0.000     0.000     2.000     1.000     1.000     0.000     1.487     1.272    -0.025     0.095
    10.000         *     0.000     0.000     0.000     0.000     1.000     0.000     0.000     0.885     1.272    -0.017     0.095
    10.000         *     4.000     1.000     0.000     0.000     0.000     0.000     0.000     2.458     1.272    -0.097     0.095
    13.000         *     9.000     5.000     3.000     6.000     5.000     4.000     6.000     6.435     1.272    -0.098     0.095
    13.000         *     2.000     3.000     1.000     6.000     3.000     0.000     0.000     3.374     1.272    -0.092     0.095
    14.000         *     1.000     1.000     0.000     2.000     1.000     0.000     0.000     1.809     1.272    -0.052     0.095
    13.000    13.000     6.000     6.000     3.000     3.000     5.000         *     4.000     6.574     1.178    -0.148     0.098
    11.000         *     7.000     7.000     0.000     6.000     0.000     0.000     4.000     5.502     1.272    -0.159     0.095
     8.000         *     3.000     2.000     3.000     2.000     2.000     2.000     0.000     3.154     1.272    -0.077     0.095
    10.000         *    10.000     6.000     6.000    10.000    10.000         *     2.000     8.431     1.272    -0.174     0.101
    15.000         *     0.000     0.000     0.000     0.000     3.000     0.000     7.000     0.744     1.272     0.088     0.095
    14.000         *     0.000     0.000     0.000     0.000     0.000     7.000     0.000     0.967     1.272     0.054     0.095
    11.000         *     5.000     6.000     5.000     3.000     2.000     9.000     3.000     5.245     1.272    -0.045     0.095
    15.000         *     9.000     5.000     2.000     2.000     0.000     2.000     2.000     5.770     1.272    -0.189     0.095
    11.000         *         *    11.000     5.000     6.000     4.000         *         *     7.763     1.550    -0.185     0.129
    12.000         *     1.000     8.000     2.000     6.000     7.000     2.000     0.000     4.703     1.272    -0.103     0.095
     7.000         *         *         *    12.000     1.000     6.000         *     4.000     6.866     1.857    -0.128     0.117
     6.000         *     2.000     0.000         *     0.000     0.000     1.000     5.000     1.390     1.347     0.033     0.096
     9.000         *     4.000     3.000     7.000     3.000     5.000     3.000     4.000     4.493     1.272    -0.046     0.095
    11.000         *     2.000     4.000     0.000     0.000         *     0.000     0.000     2.653     1.287    -0.095     0.096
    14.000         *     1.000     0.000     0.000     0.000     0.000     0.000     0.000     1.265     1.272    -0.041     0.095
    14.000         *    14.000    13.000    12.000     4.000     3.000     3.000     5.000    11.336     1.272    -0.345     0.095
    13.000         *     4.000     3.000     2.000     2.000     3.000     0.000     0.000     3.771     1.272    -0.127     0.095
    10.000         *     3.000     0.000     0.000     2.000     0.000     0.000     0.000     2.083     1.272    -0.071     0.095
    10.000         *     1.000     0.000     0.000     0.000     1.000     0.000     0.000     1.230     1.272    -0.034     0.095
     9.000         *     3.000     5.000     0.000     0.000     0.000     0.000         *     3.098     1.287    -0.121     0.110
    13.000         *     1.000     0.000     0.000     0.000     0.000     4.000         *     1.155     1.287     0.036     0.110
    15.000         *     7.000     6.000     3.000     4.000     3.000     4.000     8.000     5.584     1.272    -0.052     0.095
     8.000         *     2.000     3.000     2.000     3.000     4.000         *    12.000     2.499     1.272     0.158     0.101
     8.000         *     4.000     1.000     2.000     2.000     0.000     9.000     1.000     2.952     1.272     0.011     0.095
    17.000         *    17.000    13.000     9.000    11.000    14.000    10.000     3.000    13.620     1.272    -0.315     0.095
    17.000         *     4.000     0.000     0.000     0.000         *     0.000     3.000     2.321     1.287    -0.045     0.096
     7.000         *     0.000     0.000     0.000     0.000     1.000     1.000     0.000     0.817     1.272    -0.002     0.095
    10.000         *     0.000     1.000     6.000     0.000     0.000     4.000     0.000     2.044     1.272    -0.014     0.095
    10.000         *    12.000    10.000     6.000     6.000     5.000     6.000    10.000     8.933     1.272    -0.131     0.095
    10.000         *     1.000     0.000     0.000     0.000     0.000     0.000     0.000     1.167     1.272    -0.036     0.095
     9.000         *     7.000     3.000     3.000     9.000     5.000         *         *     5.586     1.288    -0.065     0.122
    14.000         *     2.000     0.000     0.000     0.000     0.000     0.000     0.000     1.611     1.272    -0.058     0.095
    14.000         *    12.000    12.000    11.000     8.000     4.000     8.000     6.000    10.724     1.272    -0.225     0.095
     9.000         *     3.000     0.000     2.000     1.000     0.000     4.000     4.000     2.063     1.272     0.028     0.095
    15.000         *     0.000     8.000     0.000    13.000     1.000     0.000     0.000     4.511     1.272    -0.124     0.095
    10.000         *         *     3.000         *     5.000     5.000     0.000     6.000     4.155     1.672    -0.039     0.106
     6.000         *     5.000     6.000     0.000     0.000     1.000     0.000     0.000     4.044     1.272    -0.162     0.095
    10.000         *     5.000     7.000     4.000     5.000     3.000     3.000     2.000     5.623     1.272    -0.132     0.095
    12.000         *     8.000     8.000     0.000     2.000         *     5.000     4.000     6.002     1.287    -0.118     0.096
    11.000         *     1.000     5.000     1.000     0.000     0.000     0.000     0.000     2.624     1.272    -0.099     0.095
    13.000         *     0.000     0.000     0.000     0.000     0.000     0.000     0.000     0.895     1.272    -0.023     0.095
    13.000         *     2.000     3.000     7.000     4.000         *         *     1.000     4.065     1.288    -0.072     0.102
    14.000         *     2.000     0.000     3.000     0.000     0.000     0.000    10.000     1.523     1.272     0.081     0.095
    12.000         *     0.000     2.000     0.000     1.000     0.000     0.000     1.000     1.437     1.272    -0.030     0.095
     7.000         *     2.000     0.000     0.000     2.000     2.000     2.000         *     1.702     1.287     0.005     0.110
    15.000         *     6.000     0.000     2.000     0.000     0.000         *     0.000     3.339     1.272    -0.122     0.101
     8.000         *     0.000     0.000     0.000     0.000     0.000     0.000     0.000     0.772     1.272    -0.017     0.095
    16.000         *     2.000     2.000     1.000     0.000    17.000         *    11.000     2.834     1.272     0.193     0.101
    10.000         *         *     5.000     2.000     6.000     4.000     0.000     2.000     4.799     1.530    -0.125     0.104
     5.000         *         *     0.000     0.000         *     0.000     0.000         *     1.154     1.619    -0.022     0.118
     9.000         *         *     7.000    12.000         *     3.000     4.000         *     7.724     1.619    -0.173     0.118
    13.000         *         *     0.000     0.000         *     0.000     0.000         *     1.473     1.619    -0.039     0.118
     7.000         *         *     3.000     5.000         *     0.000     4.000         *     3.854     1.619    -0.053     0.118
     8.000         *         *    12.000     6.000         *     7.000     0.000         *     8.565     1.619    -0.268     0.118
    14.000         *         *     0.000     0.000         *     0.000     0.000         *     1.513     1.619    -0.041     0.118
    10.000         *         *     5.000     6.000         *     4.000     6.000         *     5.538     1.619    -0.057     0.118
    15.000         *         *    12.000     6.000         *    12.000     6.000         *     9.513     1.619    -0.167     0.118
    14.000         *         *     3.000     2.000         *     2.000     3.000         *     3.556     1.619    -0.054     0.118
