    60.000    60.000         *    46.290     5.125     1.165     0.506
    35.000    75.000         *    42.681     5.125     1.353     0.506
    40.000    65.000         *    42.571     5.125     1.219     0.506
    38.000    65.000         *    42.140     5.125     1.217     0.506
    30.000    38.000         *    37.207     5.125     0.840     0.506
    60.000    81.000         *    48.785     5.125     1.454     0.506
    38.000    65.000         *    42.140     5.125     1.217     0.506
    31.000    50.000         *    38.848     5.125     1.006     0.506
    45.000    65.000         *    43.649     5.125     1.223     0.506
    35.000    68.000         *    41.849     5.125     1.257     0.506
    41.000    75.000         *    43.975     5.125     1.357     0.506
    41.000    60.000         *    42.193     5.125     1.151     0.506
    50.000    61.000         *    44.253     5.125     1.171     0.506
    35.000    60.000         *    40.899     5.125     1.147     0.506
    35.000    80.000         *    43.275     5.125     1.422     0.506
    25.000    83.000         *    41.474     5.125     1.455     0.506
    45.000    60.000         *    43.055     5.125     1.154     0.506
    60.000    61.000         *    46.409     5.125     1.179     0.506
    50.000    80.000         *    46.510     5.125     1.433     0.506
    60.000    58.000         *    46.053     5.125     1.138     0.506
    70.000    81.000         *    50.942     5.125     1.461     0.506
    35.000    65.000         *    41.493     5.125     1.215     0.506
    45.000    40.000         *    40.680     5.125     0.879     0.506
    60.000    70.000         *    47.478     5.125     1.303     0.506
    58.000    81.000         *    48.354     5.125     1.452     0.506
    35.000    65.000         *    41.493     5.125     1.215     0.506
    41.000    60.000         *    42.193     5.125     1.151     0.506
    65.000    85.000         *    50.339     5.125     1.513     0.506
    60.000    90.000         *    49.854     5.125     1.578     0.506
    70.000    60.000         *    48.447     5.125     1.172     0.506
    31.000    71.000         *    41.343     5.125     1.295     0.506
    55.000    70.000         *    46.400     5.125     1.299     0.506
    51.000    75.000         *    46.131     5.125     1.365     0.506
    45.000    65.000         *    43.649     5.125     1.223     0.506
    85.000    75.000         *    53.464     5.125     1.390     0.506
    35.000    51.000         *    39.830     5.125     1.023     0.506
    35.000    71.000         *    42.205     5.125     1.298     0.506
    26.000    61.000         *    39.077     5.125     1.154     0.506
    35.000    50.000         *    39.711     5.125     1.009     0.506
    65.000    61.000         *    47.488     5.125     1.182     0.506
    55.000    65.000         *    45.806     5.125     1.230     0.506
    35.000    81.000         *    43.393     5.125     1.435     0.506
    52.000    85.000    80.000    47.138     4.810     1.416     0.325
    65.000    70.000         *    48.557     5.125     1.306     0.506
    65.000    81.000         *    49.863     5.125     1.458     0.506
    70.000    60.000         *    48.447     5.125     1.172     0.506
    30.000    51.000         *    38.751     5.125     1.019     0.506
    31.000    51.000         *    38.967     5.125     1.020     0.506
    40.000         *    66.000    41.145     4.937     1.045     0.328
    51.000    85.000    85.000    47.499     4.810     1.541     0.325
    55.000    80.000    81.000    47.471     4.810     1.411     0.325
    61.000    75.000    31.000    42.763     4.810     0.159     0.325
    80.000    90.000         *    54.168     5.125     1.592     0.506
    21.000         *    80.000    39.316     4.937     1.487     0.328
    50.000         *    80.000    45.121     4.937     1.357     0.328
    45.000    71.000    60.000    42.636     4.810     0.926     0.325
         *    81.000    90.000    47.014     5.345     1.670     0.330
    30.000    40.000         *    37.445     5.125     0.868     0.506
    51.000         *    51.000    41.231     4.937     0.614     0.328
         *    61.000    41.000    38.644     5.345     0.469     0.330
    45.000    81.000    50.000    42.230     4.810     0.714     0.325
    40.000         *    65.000    41.004     4.937     1.020     0.328
    32.000         *    82.000    41.800     4.937     1.488     0.328
    31.000    90.000    75.000    42.946     4.810     1.412     0.325
    35.000    90.000    71.000    43.266     4.810     1.296     0.325
    21.000         *    50.000    35.086     4.937     0.723     0.328
    35.000    41.000    51.000    37.664     4.810     0.671     0.325
    30.000         *    35.000    34.772     4.937     0.301     0.328
    60.000         *    90.000    48.532     4.937     1.567     0.328
    31.000         *    35.000    34.972     4.937     0.297     0.328
    55.000    60.000    45.000    42.122     4.810     0.483     0.325
    50.000    81.000    80.000    46.481     4.810     1.414     0.325
    51.000         *    80.000    45.321     4.937     1.352     0.328
         *    61.000    80.000    43.941     5.345     1.385     0.330
         *    70.000    55.000    41.317     5.345     0.821     0.330
    51.000    55.000    50.000    41.565     4.810     0.609     0.325
    60.000         *    70.000    45.712     4.937     1.058     0.328
    50.000    80.000    51.000    43.221     4.810     0.711     0.325
    61.000    60.000         *    46.506     5.125     1.166     0.506
    50.000    50.000    80.000    44.329     4.810     1.324     0.325
    61.000    90.000    90.000    50.296     4.810     1.628     0.325
    40.000    50.000    55.000    39.679     4.810     0.769     0.325
         *    31.000    31.000    34.715     5.345     0.160     0.330
    40.000         *    61.000    40.440     4.937     0.918     0.328
    40.000    40.000    75.000    41.185     4.810     1.223     0.325
    60.000    65.000    30.000    41.769     4.810     0.111     0.325
    40.000    60.000    60.000    40.923     4.810     0.919     0.325
    50.000    40.000    38.000    39.014     4.810     0.280     0.325
    40.000    35.000    50.000    38.087     4.810     0.604     0.325
    41.000    70.000         *    43.381     5.125     1.288     0.506
    30.000    41.000    41.000    35.614     4.810     0.454     0.325
    61.000    75.000    70.000    47.054     4.810     1.101     0.325
    30.000    50.000         *    38.632     5.125     1.005     0.506
    70.000    60.000    40.000    44.422     4.810     0.289     0.325
         *    55.000    60.000    40.711     5.345     0.901     0.330
    70.000    80.000    80.000    50.211     4.810     1.313     0.325
    35.000    60.000    70.000    41.073     4.810     1.185     0.325
    51.000    68.000    86.000    46.429     4.810     1.516     0.325
    35.000    50.000    45.000    37.628     4.810     0.552     0.325
    31.000    50.000    51.000    37.529     4.810     0.716     0.325
    45.000    80.000         *    45.431     5.125     1.429     0.506
    31.000    50.000         *    38.848     5.125     1.006     0.506
    30.000    35.000    72.000    38.608     4.810     1.185     0.325
    35.000    45.000    45.000    37.281     4.810     0.537     0.325
    32.000    60.000    51.000    38.413     4.810     0.741     0.325
    41.000    75.000    80.000    44.354     4.810     1.441     0.325
    40.000    60.000    85.000    43.673     4.810     1.523     0.325
    30.000    50.000    45.000    36.679     4.810     0.576     0.325
    35.000    41.000    40.000    36.454     4.810     0.405     0.325
         *    55.000    55.000    40.032     5.345     0.783     0.330
    31.000    61.000    85.000    42.033     4.810     1.570     0.325
    45.000    41.000    58.000    40.334     4.810     0.791     0.325
    41.000    52.000         *    41.242     5.125     1.041     0.506
    30.000    50.000    80.000    40.529     4.810     1.422     0.325
    45.000    31.000    41.000    37.769     4.810     0.351     0.325
    35.000    50.000         *    39.711     5.125     1.009     0.506
    30.000    75.000         *    41.602     5.125     1.349     0.506
    41.000    41.000    61.000    39.904     4.810     0.883     0.325
    50.000    80.000    71.000    45.421     4.810     1.194     0.325
    45.000    65.000         *    43.649     5.125     1.223     0.506
    40.000    35.000    60.000    39.188     4.810     0.846     0.325
    20.000    41.000    55.000    35.254     4.810     0.841     0.325
    40.000    54.000    50.000    39.406     4.810     0.660     0.325
    35.000    75.000    61.000    41.124     4.810     1.011     0.325
    30.000    51.000    40.000    36.198     4.810     0.459     0.325
    50.000         *    65.000    43.005     4.937     0.975     0.328
    30.000    55.000    52.000    37.796     4.810     0.760     0.325
    46.000    85.000    88.000    46.879     4.810     1.638     0.325
    31.000    70.000    70.000    41.007     4.810     1.233     0.325
    50.000         *    58.000    42.018     4.937     0.797     0.328
    30.000    55.000    70.000    39.776     4.810     1.195     0.325
    25.000    68.000    61.000    38.738     4.810     1.040     0.325
    25.000    35.000    51.000    35.348     4.810     0.702     0.325
    40.000    22.000    60.000    38.285     4.810     0.808     0.325
    30.000    35.000    40.000    35.087     4.810     0.412     0.325
    45.000    65.000    71.000    43.430     4.810     1.175     0.325
    35.000    60.000    72.000    41.293     4.810     1.233     0.325
    25.000    60.000         *    38.742     5.125     1.139     0.506
    45.000    60.000    91.000    45.283     4.810     1.643     0.325
    45.000    85.000   100.000    48.009     4.810     1.933     0.325
    25.000    70.000    51.000    37.777     4.810     0.804     0.325
    30.000    30.000         *    36.257     5.125     0.730     0.506
    40.000    60.000    75.000    42.573     4.810     1.281     0.325
    37.000    30.000    67.000    39.041     4.810     1.015     0.325
    40.000    31.000    50.000    37.810     4.810     0.593     0.325
    22.000    71.000    55.000    37.717     4.810     0.918     0.325
    32.000    50.000         *    39.064     5.125     1.007     0.506
    30.000    60.000         *    39.820     5.125     1.143     0.506
    31.000    40.000         *    37.660     5.125     0.869     0.506
    45.000    40.000    35.000    37.734     4.810     0.232     0.325
    30.000    30.000         *    36.257     5.125     0.730     0.506
    25.000         *    51.000    36.027     4.937     0.731     0.328
    50.000    65.000         *    44.728     5.125     1.226     0.506
    21.000         *    50.000    35.086     4.937     0.723     0.328
    45.000    45.000    60.000    40.832     4.810     0.851     0.325
    35.000    50.000    50.000    38.179     4.810     0.673     0.325
    55.000    45.000    41.000    40.641     4.810     0.343     0.325
    50.000    80.000    81.000    46.521     4.810     1.435     0.325
    30.000    51.000    51.000    37.408     4.810     0.724     0.325
    33.000    40.000    60.000    38.205     4.810     0.895     0.325
    60.000    70.000    61.000    45.527     4.810     0.874     0.325
    43.000    38.000    52.000    39.086     4.810     0.647     0.325
    40.000    70.000    65.000    42.167     4.810     1.069     0.325
    35.000    23.000    20.000    33.004     4.810    -0.131     0.325
    35.000    65.000    55.000    39.770     4.810     0.837     0.325
    35.000    65.000         *    41.493     5.125     1.215     0.506
    35.000    55.000         *    40.305     5.125     1.078     0.506
    60.000    80.000         *    48.666     5.125     1.440     0.506
    45.000    52.000         *    42.105     5.125     1.044     0.506
    55.000         *    85.000    46.826     4.937     1.462     0.328
    50.000         *    90.000    46.531     4.937     1.611     0.328
    46.000    55.000         *    42.677     5.125     1.086     0.506
    20.000    40.000    38.000    33.314     4.810     0.427     0.325
    47.000    85.000    50.000    42.888     4.810     0.716     0.325
    30.000    50.000    30.000    35.028     4.810     0.214     0.325
    41.000         *    50.000    39.089     4.937     0.634     0.328
    20.000         *    52.000    35.168     4.937     0.778     0.328
    35.000    55.000    71.000    40.836     4.810     1.194     0.325
    35.000    35.000    46.000    36.697     4.810     0.532     0.325
    30.000    50.000    50.000    37.229     4.810     0.697     0.325
    41.000    91.000    88.000    46.345     4.810     1.680     0.325
    31.000    61.000         *    40.155     5.125     1.157     0.506
    50.000    80.000    78.000    46.191     4.810     1.363     0.325
    51.000    51.000    50.000    41.288     4.810     0.597     0.325
    15.000    36.000    40.000    32.307     4.810     0.488     0.325
    35.000    45.000    51.000    37.942     4.810     0.682     0.325
    50.000         *    90.000    46.531     4.937     1.611     0.328
    31.000    51.000         *    38.967     5.125     1.020     0.506
    41.000    80.000    71.000    43.711     4.810     1.238     0.325
    35.000    68.000    61.000    40.638     4.810     0.991     0.325
    33.000    55.000    45.000    37.596     4.810     0.576     0.325
    32.000         *    30.000    34.467     4.937     0.165     0.328
    32.000    50.000    60.000    38.709     4.810     0.929     0.325
    70.000    70.000         *    49.635     5.125     1.310     0.506
    41.000    77.000    85.000    45.043     4.810     1.567     0.325
    60.000    41.000    71.000    44.614     4.810     1.031     0.325
    45.000         *    50.000    39.890     4.937     0.616     0.328
    38.000    80.000    70.000    43.031     4.810     1.228     0.325
    40.000    51.000    50.000    39.198     4.810     0.651     0.325
    40.000    52.000    58.000    40.148     4.810     0.847     0.325
    50.000    75.000    80.000    46.064     4.810     1.397     0.325
    30.000    60.000         *    39.820     5.125     1.143     0.506
    35.000    60.000    60.000    39.973     4.810     0.943     0.325
    30.000    60.000         *    39.820     5.125     1.143     0.506
    35.000    60.000         *    40.899     5.125     1.147     0.506
    35.000    51.000         *    39.830     5.125     1.023     0.506
    36.000    30.000         *    37.551     5.125     0.735     0.506
    50.000    40.000    80.000    43.635     4.810     1.295     0.325
    34.000    65.000         *    41.277     5.125     1.215     0.506
    20.000    60.000         *    37.664     5.125     1.135     0.506
    38.000    71.000    65.000    41.857     4.810     1.081     0.325
    35.000    67.000         *    41.730     5.125     1.243     0.506
    33.000    40.000         *    38.092     5.125     0.870     0.506
    30.000    50.000    80.000    40.529     4.810     1.422     0.325
    50.000    70.000         *    45.322     5.125     1.295     0.506
    41.000    80.000         *    44.569     5.125     1.426     0.506
    40.000    35.000         *    39.007     5.125     0.806     0.506
    30.000    45.000    61.000    38.092     4.810     0.948     0.325
    36.000    65.000         *    41.708     5.125     1.216     0.506
    40.000    51.000    70.000    41.398     4.810     1.134     0.325
    30.000    42.000         *    37.682     5.125     0.895     0.506
    35.000    55.000    35.000    36.875     4.810     0.325     0.325
    30.000         *    80.000    41.117     4.937     1.446     0.328
    25.000    80.000    75.000    41.112     4.810     1.413     0.325
    25.000    70.000         *    39.930     5.125     1.277     0.506
    30.000         *    45.000    36.182     4.937     0.556     0.328
    37.000    75.000    81.000    43.705     4.810     1.484     0.325
    55.000    80.000    88.000    48.241     4.810     1.580     0.325
    31.000    60.000    60.000    39.213     4.810     0.963     0.325
    36.000    40.000    50.000    37.674     4.810     0.639     0.325
    20.000    45.000    31.000    32.891     4.810     0.273     0.325
    33.000    70.000    50.000    39.187     4.810     0.741     0.325
    61.000    60.000    90.000    48.213     4.810     1.541     0.325
    50.000    80.000         *    46.510     5.125     1.433     0.506
    40.000    51.000    70.000    41.398     4.810     1.134     0.325
    31.000    35.000    50.000    36.377     4.810     0.649     0.325
    30.000         *    68.000    39.425     4.937     1.141     0.328
    20.000    71.000    69.000    38.877     4.810     1.266     0.325
    31.000    50.000    80.000    40.719     4.810     1.417     0.325
    40.000    41.000         *    39.720     5.125     0.889     0.506
    63.000    50.000     5.000    38.547     4.810    -0.551     0.325
    30.000         *    40.000    35.477     4.937     0.428     0.328
    30.000    85.000    55.000    40.208     4.810     0.920     0.325
         *    52.000    70.000    41.812     5.345     1.128     0.330
    53.000    45.000         *    42.999     5.125     0.954     0.506
    20.000    41.000    60.000    35.804     4.810     0.961     0.325
    45.000    30.000    50.000    38.690     4.810     0.565     0.325
    50.000    50.000    65.000    42.679     4.810     0.961     0.325
    50.000    65.000    80.000    45.370     4.810     1.367     0.325
    35.000    80.000    70.000    42.461     4.810     1.243     0.325
    40.000    75.000    75.000    43.614     4.810     1.325     0.325
    41.000         *    80.000    43.319     4.937     1.397     0.328
    70.000    71.000    70.000    48.486     4.810     1.045     0.325
    60.000    81.000    85.000    48.931     4.810     1.486     0.325
    21.000    55.000    41.000    34.876     4.810     0.538     0.325
    50.000    55.000    31.000    39.285     4.810     0.155     0.325
    31.000    61.000    65.000    39.833     4.810     1.087     0.325
         *    53.000    81.000    43.392     5.345     1.389     0.330
    50.000    40.000    50.000    40.334     4.810     0.570     0.325
    20.000         *    50.000    34.886     4.937     0.728     0.328
    35.000    80.000    80.000    43.562     4.810     1.485     0.325
    31.000    85.000         *    43.006     5.125     1.487     0.506
    31.000    80.000         *    42.412     5.125     1.419     0.506
    31.000    55.000    72.000    40.186     4.810     1.238     0.325
    70.000    80.000    80.000    50.211     4.810     1.313     0.325
    21.000    70.000    34.000    35.147     4.810     0.413     0.325
    51.000    70.000    85.000    46.457     4.810     1.498     0.325
    31.000    55.000    70.000    39.966     4.810     1.190     0.325
    40.000    41.000    21.000    35.313     4.810    -0.078     0.325
    40.000    85.000    80.000    44.859     4.810     1.475     0.325
    65.000    90.000    65.000    48.305     4.810     1.004     0.325
    51.000    71.000    60.000    43.776     4.810     0.897     0.325
    40.000    80.000    80.000    44.512     4.810     1.460     0.325
    21.000         *    71.000    38.047     4.937     1.258     0.328
    21.000    50.000    70.000    37.719     4.810     1.224     0.325
    30.000    75.000    81.000    42.375     4.810     1.519     0.325
    45.000    80.000         *    45.431     5.125     1.429     0.506
    21.000    68.000    34.000    35.008     4.810     0.407     0.325
    41.000    70.000    80.000    44.007     4.810     1.426     0.325
    35.000    31.000         *    37.454     5.125     0.748     0.506
    35.000    51.000    60.000    39.348     4.810     0.917     0.325
    41.000    68.000         *    43.143     5.125     1.261     0.506
    40.000    80.000    70.000    43.411     4.810     1.219     0.325
    35.000    61.000    73.000    41.473     4.810     1.260     0.325
    35.000    50.000    70.000    40.379     4.810     1.156     0.325
    35.000    61.000         *    41.018     5.125     1.160     0.506
    25.000         *    50.000    35.886     4.937     0.705     0.328
    45.000    50.000    45.000    39.528     4.810     0.503     0.325
    40.000    41.000    50.000    38.504     4.810     0.622     0.325
    40.000    60.000    58.000    40.703     4.810     0.870     0.325
    30.000    80.000    80.000    42.612     4.810     1.509     0.325
    40.000    35.000    64.000    39.628     4.810     0.943     0.325
    35.000    35.000    31.000    35.047     4.810     0.170     0.325
    30.000    30.000         *    36.257     5.125     0.730     0.506
    35.000    60.000    80.000    42.173     4.810     1.426     0.325
    50.000    75.000    85.000    46.614     4.810     1.517     0.325
    53.000    75.000         *    46.563     5.125     1.366     0.506
    30.000    51.000    80.000    40.599     4.810     1.425     0.325
    31.000    50.000    80.000    40.719     4.810     1.417     0.325
    20.000    70.000    85.000    40.568     4.810     1.650     0.325
    45.000    71.000    87.000    45.607     4.810     1.578     0.325
    51.000         *    75.000    44.616     4.937     1.225     0.328
    42.000    51.000    60.000    40.678     4.810     0.883     0.325
    50.000    75.000    83.000    46.394     4.810     1.469     0.325
    51.000    45.000    70.000    43.072     4.810     1.063     0.325
    30.000    51.000    70.000    39.498     4.810     1.183     0.325
    65.000    65.000         *    47.963     5.125     1.237     0.506
    55.000    90.000    60.000    45.855     4.810     0.933     0.325
    45.000    30.000    45.000    38.140     4.810     0.445     0.325
    35.000    60.000    77.000    41.843     4.810     1.354     0.325
    55.000    65.000    73.000    45.550     4.810     1.174     0.325
    31.000    80.000    93.000    44.232     4.810     1.818     0.325
    40.000    45.000    45.000    38.231     4.810     0.513     0.325
    30.000    51.000    41.000    36.308     4.810     0.483     0.325
    70.000    50.000    57.000    45.598     4.810     0.670     0.325
    55.000    50.000    75.000    44.729     4.810     1.178     0.325
    31.000    31.000    80.000    39.400     4.810     1.361     0.325
    58.000    63.000         *    46.215     5.125     1.205     0.506
    40.000    73.000    71.000    43.035     4.810     1.222     0.325
    40.000    25.000    35.000    35.743     4.810     0.213     0.325
    31.000    50.000    70.000    39.619     4.810     1.175     0.325
    30.000    34.000    32.000    34.138     4.810     0.216     0.325
    61.000    52.000    70.000    45.457     4.810     1.034     0.325
    31.000    71.000    81.000    42.287     4.810     1.502     0.325
    31.000    65.000    70.000    40.660     4.810     1.219     0.325
    40.000    51.000    50.000    39.198     4.810     0.651     0.325
    49.000    65.000    55.000    42.430     4.810     0.768     0.325
    35.000    48.000         *    39.473     5.125     0.982     0.506
    60.000    82.000    88.000    49.330     4.810     1.561     0.325
    41.000    70.000    72.000    43.127     4.810     1.233     0.325
    21.000    54.000    42.000    34.916     4.810     0.560     0.325
    50.000         *    80.000    45.121     4.937     1.357     0.328
    70.000    55.000    85.000    49.026     4.810     1.361     0.325
    21.000    31.000    40.000    33.100     4.810     0.444     0.325
    25.000    38.000    49.000    35.336     4.810     0.663     0.325
    31.000    68.000    60.000    39.768     4.810     0.986     0.325
    70.000    90.000    71.000    49.915     4.810     1.125     0.325
    51.000    80.000    60.000    44.401     4.810     0.923     0.325
    30.000    83.000    75.000    42.270     4.810     1.397     0.325
    25.000    68.000         *    39.692     5.125     1.249     0.506
    40.000    53.000         *    41.146     5.125     1.054     0.506
    41.000    61.000         *    42.312     5.125     1.165     0.506
    30.000    42.000    54.000    37.113     4.810     0.770     0.325
    70.000    63.000    60.000    46.831     4.810     0.781     0.325
    60.000    75.000    65.000    46.314     4.810     0.985     0.325
    40.000    80.000    80.000    44.512     4.810     1.460     0.325
    40.000    31.000    64.000    39.350     4.810     0.931     0.325
    35.000    75.000    81.000    43.325     4.810     1.494     0.325
    40.000    73.000    87.000    44.796     4.810     1.609     0.325
    31.000    71.000    30.000    36.676     4.810     0.270     0.325
    35.000    90.000   100.000    46.456     4.810     1.997     0.325
    35.000    50.000    31.000    36.088     4.810     0.214     0.325
    54.000    77.000    95.000    48.613     4.810     1.745     0.325
    35.000    80.000    81.000    43.672     4.810     1.509     0.325
    40.000    78.000    90.000    45.473     4.810     1.696     0.325
    30.000    90.000         *    43.384     5.125     1.555     0.506
    40.000    80.000         *    44.353     5.125     1.425     0.506
    41.000    80.000    61.000    42.611     4.810     0.996     0.325
    30.000    50.000    50.000    37.229     4.810     0.697     0.325
    40.000    90.000    89.000    46.196     4.810     1.707     0.325
    31.000    25.000    55.000    36.233     4.810     0.740     0.325
    31.000    80.000    88.000    43.682     4.810     1.697     0.325
    35.000    61.000    70.000    41.143     4.810     1.188     0.325
         *    89.000    90.000    47.699     5.345     1.690     0.330
    23.000    65.000    80.000    40.241     4.810     1.500     0.325
    31.000    80.000    80.000    42.802     4.810     1.504     0.325
    40.000    41.000    58.000    39.384     4.810     0.815     0.325
    30.000    70.000    50.000    38.617     4.810     0.755     0.325
    25.000    61.000    21.000    33.852     4.810     0.053     0.325
    35.000         *    90.000    43.528     4.937     1.679     0.328
    37.000         *    48.000    38.006     4.937     0.601     0.328
    23.000         *    91.000    41.268     4.937     1.758     0.328
    53.000    80.000         *    47.157     5.125     1.435     0.506
    21.000    85.000    93.000    42.679     4.810     1.882     0.325
    21.000    40.000    38.000    33.504     4.810     0.422     0.325
    51.000    86.000    91.000    48.228     4.810     1.689     0.325
    53.000    35.000    31.000    38.467     4.810     0.082     0.325
    25.000    35.000    40.000    34.137     4.810     0.436     0.325
    31.000    71.000    70.000    41.077     4.810     1.236     0.325
    40.000         *    91.000    44.670     4.937     1.682     0.328
    40.000    85.000    90.000    45.959     4.810     1.716     0.325
    31.000    30.000    70.000    38.231     4.810     1.117     0.325
    30.000    51.000    51.000    37.408     4.810     0.724     0.325
    22.000    70.000    80.000    40.398     4.810     1.519     0.325
    41.000    90.000    93.000    46.826     4.810     1.798     0.325
    31.000    40.000    41.000    35.734     4.810     0.446     0.325
    55.000    83.000    54.000    44.709     4.810     0.767     0.325
    50.000    90.000    90.000    48.206     4.810     1.682     0.325
    21.000    65.000    57.000    37.330     4.810     0.954     0.325
    50.000    70.000    78.000    45.497     4.810     1.334     0.325
    23.000    70.000         *    39.499     5.125     1.275     0.506
         *    61.000    90.000    45.300     5.345     1.620     0.330
         *    80.000    81.000    45.705     5.345     1.456     0.330
    31.000    92.000    93.000    45.065     4.810     1.853     0.325
    41.000    95.000    90.000    46.843     4.810     1.740     0.325
    40.000    31.000    41.000    36.819     4.810     0.375     0.325
    50.000    63.000    78.000    45.011     4.810     1.313     0.325
    31.000    78.000    81.000    42.773     4.810     1.522     0.325
    21.000    81.000         *    40.374     5.125     1.425     0.506
    74.000    94.000         *    53.349     5.125     1.643     0.506
    20.000    45.000         *    35.882     5.125     0.929     0.506
    31.000    93.000         *    43.956     5.125     1.597     0.506
    30.000    90.000         *    43.384     5.125     1.555     0.506
    33.000    75.000         *    42.249     5.125     1.351     0.506
    60.000    60.000         *    46.290     5.125     1.165     0.506
    51.000    90.000         *    47.913     5.125     1.571     0.506
    50.000    40.000         *    41.758     5.125     0.883     0.506
    70.000    90.000         *    52.011     5.125     1.585     0.506
    40.000    48.000         *    40.552     5.125     0.985     0.506
    40.000    52.000         *    41.027     5.125     1.040     0.506
         *    30.000    60.000    38.568     5.345     0.838     0.330
    21.000    20.000         *    33.128     5.125     0.586     0.506
    55.000    31.000         *    41.767     5.125     0.763     0.506
    45.000    80.000         *    45.431     5.125     1.429     0.506
    31.000    25.000         *    35.878     5.125     0.662     0.506
    35.000    80.000         *    43.275     5.125     1.422     0.506
    35.000    31.000         *    37.454     5.125     0.748     0.506
    58.000    51.000         *    44.790     5.125     1.040     0.506
    36.000    75.000         *    42.896     5.125     1.354     0.506
    55.000    45.000         *    43.430     5.125     0.955     0.506
    30.000    81.000         *    42.315     5.125     1.432     0.506
    55.000    70.000         *    46.400     5.125     1.299     0.506
    53.000    84.000         *    47.632     5.125     1.490     0.506
    51.000    80.000         *    46.725     5.125     1.433     0.506
    31.000    70.000         *    41.224     5.125     1.281     0.506
    30.000    40.000         *    37.445     5.125     0.868     0.506
    63.000    70.000         *    48.125     5.125     1.305     0.506
    48.000    53.000         *    42.871     5.125     1.060     0.506
    43.000    54.000         *    41.911     5.125     1.070     0.506
    45.000    90.000         *    46.619     5.125     1.566     0.506
    41.000    73.000         *    43.737     5.125     1.330     0.506
    50.000    83.000         *    46.866     5.125     1.474     0.506
    30.000    83.000         *    42.553     5.125     1.459     0.506
    30.000    63.000         *    40.177     5.125     1.184     0.506
    54.000    46.000         *    43.333     5.125     0.968     0.506
    51.000    65.000         *    44.943     5.125     1.227     0.506
    23.000    55.000         *    37.717     5.125     1.069     0.506
    51.000    70.000         *    45.537     5.125     1.296     0.506
    35.000    57.000         *    40.542     5.125     1.105     0.506
    40.000    75.000         *    43.759     5.125     1.356     0.506
    51.000    62.000         *    44.587     5.125     1.186     0.506
    20.000    70.000         *    38.852     5.125     1.273     0.506
    30.000    81.000         *    42.315     5.125     1.432     0.506
    25.000    85.000         *    41.712     5.125     1.483     0.506
    20.000    25.000         *    33.506     5.125     0.654     0.506
    45.000    68.000         *    44.006     5.125     1.264     0.506
    28.000    45.000         *    37.607     5.125     0.935     0.506
    35.000    73.000         *    42.443     5.125     1.325     0.506
    21.000    51.000         *    36.810     5.125     1.012     0.506
    61.000    75.000         *    48.288     5.125     1.372     0.506
    20.000    52.000         *    36.713     5.125     1.025     0.506
    30.000    63.000         *    40.177     5.125     1.184     0.506
    45.000    60.000         *    43.055     5.125     1.154     0.506
    30.000    30.000         *    36.257     5.125     0.730     0.506
    21.000    43.000         *    35.860     5.125     0.902     0.506
    22.000    40.000         *    35.719     5.125     0.862     0.506
    31.000    65.000         *    40.630     5.125     1.212     0.506
    70.000    55.000         *    47.853     5.125     1.104     0.506
    40.000    45.000         *    40.195     5.125     0.944     0.506
    23.000    85.000         *    41.281     5.125     1.481     0.506
