     8.000     6.000     2.000     2.000     2.000     1.000     0.000     0.000     1.000     8.131    -2.286     0.197    -0.005     8.130    -2.286     0.197    -0.005     1.000     0.000     1.000   1
    12.000         *         *     0.000     1.000     1.000     0.000     2.000     0.000     8.136    -2.283     0.197    -0.005     8.130    -2.286     0.197    -0.005     0.997     0.003     1.000   4
     8.000     0.000         *     0.000     0.000     5.000     2.000     7.000         *     8.276    -2.223     0.192    -0.005     8.130    -2.286     0.197    -0.005     0.926     0.074     1.000   6
     8.000         *         *     2.000     4.000     3.000     3.000     3.000     1.000     8.219    -2.247     0.194    -0.005     8.130    -2.286     0.197    -0.005     0.955     0.045     1.000   8
     7.000     0.000     0.000     1.000     2.000     1.000         *         *         *     8.146    -2.279     0.197    -0.005     8.130    -2.286     0.197    -0.005     0.992     0.008     1.000   9
     7.000     0.000     1.000     0.000     0.000     0.000     0.000     0.000     0.000     8.131    -2.286     0.197    -0.005     8.130    -2.286     0.197    -0.005     1.000     0.000     1.000  10
     4.000     0.000     0.000         *     4.000     4.000     2.000     2.000     6.000     8.453    -2.146     0.185    -0.004     8.130    -2.286     0.197    -0.005     0.837     0.163     1.000  11
     6.000         *         *     0.000     0.000     6.000     3.000     0.000         *     8.247    -2.235     0.193    -0.005     8.130    -2.286     0.197    -0.005     0.941     0.059     1.000  12
    13.000     3.000     5.000     5.000     5.000     6.000         *         *         *     9.841    -1.546     0.132    -0.003    10.113    -1.428     0.122    -0.003     0.137     0.863     2.000  15
     8.000     4.000     2.000     1.000     0.000     0.000     4.000         *         *     8.136    -2.283     0.197    -0.005     8.130    -2.286     0.197    -0.005     0.997     0.003     1.000  16
     7.000     5.000     5.000     5.000     6.000         *     2.000         *         *     8.557    -2.101     0.181    -0.004     8.130    -2.286     0.197    -0.005     0.785     0.215     1.000  17
     7.000     4.000     3.000     2.000     1.000     0.000     1.000     0.000     0.000     8.131    -2.286     0.197    -0.005     8.130    -2.286     0.197    -0.005     1.000     0.000     1.000  19
     9.000     2.000     3.000     6.000     1.000     0.000     4.000         *         *     8.174    -2.267     0.196    -0.005     8.130    -2.286     0.197    -0.005     0.978     0.022     1.000  20
    17.000     8.000     1.000     0.000     0.000     1.000     3.000     1.000     1.000     8.178    -2.265     0.196    -0.005     8.130    -2.286     0.197    -0.005     0.976     0.024     1.000  21
     6.000     6.000     0.000         *     0.000     0.000     0.000     0.000     1.000     8.131    -2.286     0.197    -0.005     8.130    -2.286     0.197    -0.005     1.000     0.000     1.000  22
    12.000     1.000     1.000     3.000     3.000     1.000     3.000     4.000     5.000     8.204    -2.254     0.195    -0.005     8.130    -2.286     0.197    -0.005     0.963     0.037     1.000  24
     7.000     6.000     0.000     1.000     0.000     0.000         *    11.000     6.000     8.400    -2.169     0.187    -0.005     8.130    -2.286     0.197    -0.005     0.864     0.136     1.000  25
    10.000    11.000         *     0.000     7.000     5.000     8.000     9.000         *    10.111    -1.428     0.122    -0.003    10.113    -1.428     0.122    -0.003     0.001     0.999     2.000  26
     8.000     0.000     1.000     0.000     0.000     0.000         *         *         *     8.136    -2.283     0.197    -0.005     8.130    -2.286     0.197    -0.005     0.997     0.003     1.000  29
     9.000     3.000     4.000     1.000     0.000         *     1.000         *     0.000     8.133    -2.285     0.197    -0.005     8.130    -2.286     0.197    -0.005     0.998     0.002     1.000  30
     7.000     9.000     2.000     2.000         *     1.000     1.000     0.000     0.000     8.133    -2.285     0.197    -0.005     8.130    -2.286     0.197    -0.005     0.998     0.002     1.000  31
    10.000     3.000     2.000     0.000     0.000     0.000     0.000     1.000     3.000     8.131    -2.286     0.197    -0.005     8.130    -2.286     0.197    -0.005     1.000     0.000     1.000  33
    10.000     9.000         *     7.000     3.000     2.000     8.000     4.000     4.000     9.936    -1.505     0.128    -0.003    10.113    -1.428     0.122    -0.003     0.090     0.910     2.000  36
     7.000     2.000         *     0.000     3.000     0.000     0.000     0.000     0.000     8.132    -2.285     0.197    -0.005     8.130    -2.286     0.197    -0.005     0.999     0.001     1.000  38
    12.000     3.000     8.000     8.000     5.000     4.000     4.000     3.000     2.000     9.770    -1.576     0.135    -0.003    10.113    -1.428     0.122    -0.003     0.173     0.827     2.000  39
    14.000    14.000    14.000    14.000    11.000    10.000    10.000         *    14.000    10.113    -1.428     0.122    -0.003    10.113    -1.428     0.122    -0.003     0.000     1.000     2.000  40
    13.000     9.000     8.000     4.000    10.000    10.000     9.000    11.000    10.000    10.113    -1.428     0.122    -0.003    10.113    -1.428     0.122    -0.003     0.000     1.000     2.000  41
     5.000     1.000     0.000     0.000     0.000     1.000     0.000     2.000         *     8.131    -2.286     0.197    -0.005     8.130    -2.286     0.197    -0.005     1.000     0.000     1.000  42
     8.000         *     2.000     0.000     0.000     0.000     0.000     0.000     0.000     8.131    -2.286     0.197    -0.005     8.130    -2.286     0.197    -0.005     1.000     0.000     1.000  43
     9.000     7.000     6.000     7.000     6.000     3.000     2.000     3.000     0.000     8.557    -2.101     0.181    -0.004     8.130    -2.286     0.197    -0.005     0.785     0.215     1.000  45
    11.000     6.000     1.000     1.000     0.000     4.000    12.000         *     0.000     9.705    -1.604     0.137    -0.003    10.113    -1.428     0.122    -0.003     0.206     0.794     2.000  47
    10.000         *     4.000     0.000     1.000     0.000     0.000     0.000     3.000     8.132    -2.285     0.197    -0.005     8.130    -2.286     0.197    -0.005     0.999     0.001     1.000  48
     9.000     5.000    12.000     2.000     5.000         *     6.000     3.000     4.000     9.893    -1.523     0.130    -0.003    10.113    -1.428     0.122    -0.003     0.111     0.889     2.000  49
     5.000     6.000     6.000     6.000     7.000     5.000     5.000     5.000    11.000    10.112    -1.428     0.122    -0.003    10.113    -1.428     0.122    -0.003     0.001     0.999     2.000  50
     4.000     0.000         *         *         *         *    10.000     0.000     0.000     9.507    -1.690     0.145    -0.004    10.113    -1.428     0.122    -0.003     0.306     0.694     2.000  51
     5.000     7.000     2.000     0.000     1.000     0.000         *     7.000    13.000     9.791    -1.567     0.134    -0.003    10.113    -1.428     0.122    -0.003     0.163     0.837     2.000  52
     7.000     2.000     0.000     1.000     0.000     0.000     2.000     3.000     2.000     8.131    -2.286     0.197    -0.005     8.130    -2.286     0.197    -0.005     1.000     0.000     1.000  55
     7.000     0.000     0.000     0.000     6.000     8.000     3.000     8.000    10.000    10.107    -1.430     0.122    -0.003    10.113    -1.428     0.122    -0.003     0.003     0.997     2.000  58
    10.000     1.000     0.000     0.000     0.000     0.000     2.000     3.000     1.000     8.131    -2.286     0.197    -0.005     8.130    -2.286     0.197    -0.005     1.000     0.000     1.000  59
     6.000     6.000     6.000     6.000     5.000         *         *         *         *     8.891    -1.957     0.168    -0.004     8.130    -2.286     0.197    -0.005     0.616     0.384     1.000  60
     3.000     5.000     8.000     4.000     2.000         *         *         *         *     8.421    -2.160     0.186    -0.005     8.130    -2.286     0.197    -0.005     0.853     0.147     1.000  61
     6.000     0.000     0.000     0.000     0.000     0.000     0.000     0.000     0.000     8.131    -2.286     0.197    -0.005     8.130    -2.286     0.197    -0.005     1.000     0.000     1.000  63
    10.000     7.000     8.000         *         *     9.000    11.000         *         *    10.113    -1.428     0.122    -0.003    10.113    -1.428     0.122    -0.003     0.000     1.000     2.000  64
     8.000     4.000         *     3.000     0.000     7.000     0.000     0.000     0.000     8.157    -2.275     0.196    -0.005     8.130    -2.286     0.197    -0.005     0.987     0.013     1.000  66
    11.000     5.000     2.000     0.000     0.000     3.000     2.000     2.000     3.000     8.135    -2.284     0.197    -0.005     8.130    -2.286     0.197    -0.005     0.997     0.003     1.000  68
     5.000     3.000     4.000     4.000     2.000     4.000         *         *     0.000     8.172    -2.268     0.196    -0.005     8.130    -2.286     0.197    -0.005     0.979     0.021     1.000  70
    10.000     3.000     3.000     1.000     0.000     1.000     5.000     8.000     0.000     8.152    -2.277     0.197    -0.005     8.130    -2.286     0.197    -0.005     0.989     0.011     1.000  73
    10.000     3.000     2.000     0.000     0.000     0.000     0.000     0.000     0.000     8.131    -2.286     0.197    -0.005     8.130    -2.286     0.197    -0.005     1.000     0.000     1.000  76
     9.000     2.000     0.000     2.000     7.000     3.000     0.000     0.000     0.000     8.153    -2.276     0.197    -0.005     8.130    -2.286     0.197    -0.005     0.989     0.011     1.000  78
     9.000     7.000     5.000     8.000     6.000     5.000    10.000         *         *    10.110    -1.429     0.122    -0.003    10.113    -1.428     0.122    -0.003     0.001     0.999     2.000  79
    15.000     5.000     4.000     2.000     0.000    10.000     8.000    10.000    14.000    10.113    -1.428     0.122    -0.003    10.113    -1.428     0.122    -0.003     0.000     1.000     2.000  80
     8.000     7.000     0.000     0.000     4.000     0.000     2.000    11.000     0.000     8.231    -2.242     0.194    -0.005     8.130    -2.286     0.197    -0.005     0.949     0.051     1.000  82
    15.000     3.000     0.000     0.000         *     8.000     0.000         *     0.000     8.868    -1.967     0.169    -0.004     8.130    -2.286     0.197    -0.005     0.628     0.372     1.000  83
    12.000     5.000     9.000    10.000     6.000    10.000     8.000     6.000     3.000    10.113    -1.428     0.122    -0.003    10.113    -1.428     0.122    -0.003     0.000     1.000     2.000  86
     8.000     3.000     1.000     0.000         *     0.000     0.000     0.000     0.000     8.131    -2.286     0.197    -0.005     8.130    -2.286     0.197    -0.005     1.000     0.000     1.000  87
     7.000     0.000     0.000     0.000     0.000         *     0.000         *     0.000     8.132    -2.285     0.197    -0.005     8.130    -2.286     0.197    -0.005     0.999     0.001     1.000  88
    11.000     0.000     0.000     0.000     0.000     0.000     0.000         *         *     8.134    -2.284     0.197    -0.005     8.130    -2.286     0.197    -0.005     0.998     0.002     1.000  89
    14.000     4.000     2.000     0.000     0.000     0.000    14.000     1.000     8.000    10.100    -1.433     0.122    -0.003    10.113    -1.428     0.122    -0.003     0.007     0.993     2.000  90
    14.000     6.000     1.000     0.000         *     0.000    11.000     0.000         *     9.571    -1.662     0.142    -0.003    10.113    -1.428     0.122    -0.003     0.273     0.727     2.000  91
    11.000     0.000     3.000     3.000     7.000     5.000     8.000    13.000    11.000    10.113    -1.428     0.122    -0.003    10.113    -1.428     0.122    -0.003     0.000     1.000     2.000  92
    12.000     1.000     3.000         *     6.000     7.000     5.000     2.000         *     9.958    -1.495     0.128    -0.003    10.113    -1.428     0.122    -0.003     0.078     0.922     2.000  94
    11.000     7.000     4.000     1.000     5.000     2.000         *         *         *     8.403    -2.168     0.187    -0.005     8.130    -2.286     0.197    -0.005     0.863     0.137     1.000  95
     9.000     6.000     6.000     4.000     1.000     2.000     1.000         *         *     8.163    -2.272     0.196    -0.005     8.130    -2.286     0.197    -0.005     0.983     0.017     1.000  96
    12.000     3.000     2.000     2.000     2.000     2.000     1.000     2.000     2.000     8.136    -2.284     0.197    -0.005     8.130    -2.286     0.197    -0.005     0.997     0.003     1.000  98
    14.000     9.000     4.000     3.000     4.000     5.000     0.000     0.000    15.000    10.112    -1.428     0.122    -0.003    10.113    -1.428     0.122    -0.003     0.001     0.999     2.000 101
         *     0.000     0.000     0.000     0.000     0.000     0.000     0.000     0.000     8.131    -2.286     0.197    -0.005     8.130    -2.286     0.197    -0.005     1.000     0.000     1.000 103
    17.000    13.000     6.000     2.000     4.000         *         *         *         *    10.079    -1.443     0.123    -0.003    10.113    -1.428     0.122    -0.003     0.017     0.983     2.000 104
    13.000     2.000     4.000     2.000     5.000         *         *    15.000         *    10.102    -1.433     0.122    -0.003    10.113    -1.428     0.122    -0.003     0.006     0.994     2.000 105
    10.000     4.000         *    11.000     3.000     5.000         *         *         *    10.025    -1.466     0.125    -0.003    10.113    -1.428     0.122    -0.003     0.044     0.956     2.000 107
    14.000     9.000     8.000     7.000    10.000         *     3.000         *         *    10.111    -1.429     0.122    -0.003    10.113    -1.428     0.122    -0.003     0.001     0.999     2.000 108
     8.000     3.000     8.000     5.000     2.000     0.000     2.000     0.000     6.000     8.197    -2.257     0.195    -0.005     8.130    -2.286     0.197    -0.005     0.966     0.034     1.000 109
    11.000     1.000     1.000     0.000     4.000     3.000     3.000         *         *     8.237    -2.240     0.193    -0.005     8.130    -2.286     0.197    -0.005     0.946     0.054     1.000 110
    10.000    10.000     5.000     0.000     0.000         *     5.000     3.000     3.000     8.225    -2.245     0.194    -0.005     8.130    -2.286     0.197    -0.005     0.952     0.048     1.000 113
    16.000     2.000     2.000     5.000     8.000    13.000    10.000    12.000     4.000    10.113    -1.428     0.122    -0.003    10.113    -1.428     0.122    -0.003     0.000     1.000     2.000 114
    11.000     6.000         *     5.000     5.000         *     1.000     0.000     5.000     8.562    -2.099     0.181    -0.004     8.130    -2.286     0.197    -0.005     0.782     0.218     1.000 118
    13.000     2.000     1.000     0.000     2.000     0.000     0.000     0.000     1.000     8.132    -2.285     0.197    -0.005     8.130    -2.286     0.197    -0.005     0.999     0.001     1.000 119
    12.000     3.000     4.000     3.000     0.000     5.000     5.000     3.000         *     8.333    -2.198     0.190    -0.005     8.130    -2.286     0.197    -0.005     0.898     0.102     1.000 120
    11.000     8.000     7.000     7.000     4.000     0.000     0.000     4.000     3.000     8.358    -2.187     0.189    -0.005     8.130    -2.286     0.197    -0.005     0.885     0.115     1.000 121
    10.000     2.000         *     0.000     0.000     2.000     0.000     0.000     1.000     8.132    -2.285     0.197    -0.005     8.130    -2.286     0.197    -0.005     0.999     0.001     1.000 122
     4.000     5.000     6.000     5.000     3.000     0.000     5.000     0.000     0.000     8.153    -2.276     0.197    -0.005     8.130    -2.286     0.197    -0.005     0.989     0.011     1.000 123
    13.000     0.000     0.000     0.000     0.000     0.000         *     0.000    14.000     9.864    -1.535     0.131    -0.003    10.113    -1.428     0.122    -0.003     0.126     0.874     2.000 124
    12.000     8.000     7.000     9.000    10.000     6.000     3.000     1.000     1.000    10.109    -1.429     0.122    -0.003    10.113    -1.428     0.122    -0.003     0.002     0.998     2.000 125
    14.000         *     1.000     5.000     2.000    10.000     0.000    13.000    15.000    10.113    -1.428     0.122    -0.003    10.113    -1.428     0.122    -0.003     0.000     1.000     2.000 127
     7.000     0.000     0.000     0.000         *     0.000     0.000     1.000     8.000     8.151    -2.277     0.197    -0.005     8.130    -2.286     0.197    -0.005     0.989     0.011     1.000 128
    15.000     5.000     1.000     1.000     0.000     2.000     1.000     4.000     0.000     8.139    -2.282     0.197    -0.005     8.130    -2.286     0.197    -0.005     0.996     0.004     1.000 129
     9.000         *     4.000     4.000     2.000     1.000     0.000     0.000     0.000     8.133    -2.285     0.197    -0.005     8.130    -2.286     0.197    -0.005     0.998     0.002     1.000 130
    13.000     5.000     1.000     3.000     2.000     3.000     4.000     8.000     7.000     9.411    -1.731     0.148    -0.004    10.113    -1.428     0.122    -0.003     0.354     0.646     2.000 132
    12.000    13.000    10.000     8.000    11.000     6.000    11.000     7.000    11.000    10.113    -1.428     0.122    -0.003    10.113    -1.428     0.122    -0.003     0.000     1.000     2.000 133
    12.000     5.000     4.000     1.000     6.000     6.000     2.000         *     1.000     8.863    -1.969     0.169    -0.004     8.130    -2.286     0.197    -0.005     0.630     0.370     1.000 134
    14.000         *         *         *    11.000     3.000         *     1.000     1.000    10.097    -1.435     0.122    -0.003    10.113    -1.428     0.122    -0.003     0.008     0.992     2.000 135
    11.000     1.000     1.000     0.000     0.000         *    11.000     0.000         *     8.939    -1.936     0.167    -0.004     8.130    -2.286     0.197    -0.005     0.592     0.408     1.000 137
     9.000         *         *         *         *     8.000     3.000    11.000    12.000    10.113    -1.428     0.122    -0.003    10.113    -1.428     0.122    -0.003     0.000     1.000     2.000 139
    18.000    16.000    18.000         *    12.000     5.000     5.000     9.000    12.000    10.113    -1.428     0.122    -0.003    10.113    -1.428     0.122    -0.003     0.000     1.000     2.000 140
    15.000     9.000    16.000    16.000    11.000    15.000     8.000     6.000     4.000    10.113    -1.428     0.122    -0.003    10.113    -1.428     0.122    -0.003     0.000     1.000     2.000 142
    15.000    10.000     9.000    12.000    12.000     6.000    15.000     9.000     6.000    10.113    -1.428     0.122    -0.003    10.113    -1.428     0.122    -0.003     0.000     1.000     2.000 143
    12.000     4.000     0.000     2.000     0.000     1.000     0.000         *     0.000     8.133    -2.285     0.197    -0.005     8.130    -2.286     0.197    -0.005     0.999     0.001     1.000 144
    17.000     8.000         *     4.000     7.000     2.000     2.000     4.000     0.000     9.837    -1.547     0.132    -0.003    10.113    -1.428     0.122    -0.003     0.139     0.861     2.000 146
    12.000     5.000     0.000     5.000     2.000     0.000     1.000     2.000     2.000     8.137    -2.283     0.197    -0.005     8.130    -2.286     0.197    -0.005     0.997     0.003     1.000 147
    11.000         *     0.000     6.000    13.000     7.000    18.000         *     0.000    10.113    -1.428     0.122    -0.003    10.113    -1.428     0.122    -0.003     0.000     1.000     2.000 148
    17.000     4.000     1.000     1.000     0.000     1.000     4.000         *         *     8.369    -2.182     0.188    -0.005     8.130    -2.286     0.197    -0.005     0.879     0.121     1.000 152
    13.000     6.000     4.000     3.000         *    16.000    12.000         *         *    10.113    -1.428     0.122    -0.003    10.113    -1.428     0.122    -0.003     0.000     1.000     2.000 156
    16.000     0.000     2.000     2.000     0.000     0.000     0.000     2.000     1.000     8.138    -2.283     0.197    -0.005     8.130    -2.286     0.197    -0.005     0.996     0.004     1.000 157
    11.000     8.000     5.000     6.000     2.000     3.000     4.000     9.000     9.000    10.075    -1.444     0.123    -0.003    10.113    -1.428     0.122    -0.003     0.019     0.981     2.000 158
    16.000     4.000     1.000     0.000     1.000         *     0.000     0.000     0.000     8.142    -2.281     0.197    -0.005     8.130    -2.286     0.197    -0.005     0.994     0.006     1.000 160
    13.000     5.000     1.000     4.000     1.000     1.000     3.000         *     1.000     8.155    -2.275     0.197    -0.005     8.130    -2.286     0.197    -0.005     0.988     0.012     1.000 161
    13.000     3.000     0.000     3.000     6.000     4.000     3.000         *         *     9.050    -1.888     0.162    -0.004     8.130    -2.286     0.197    -0.005     0.536     0.464     1.000 164
     8.000     8.000     3.000     3.000     4.000     4.000     2.000     2.000     1.000     8.169    -2.269     0.196    -0.005     8.130    -2.286     0.197    -0.005     0.981     0.019     1.000 165
    12.000    10.000    11.000     7.000     6.000     2.000     0.000     4.000     6.000    10.085    -1.440     0.123    -0.003    10.113    -1.428     0.122    -0.003     0.014     0.986     2.000 166
     9.000     8.000     6.000     4.000     8.000     6.000     4.000     5.000     4.000    10.052    -1.454     0.124    -0.003    10.113    -1.428     0.122    -0.003     0.031     0.969     2.000 167
    13.000     4.000         *     2.000         *     3.000     0.000     2.000     5.000     8.274    -2.224     0.192    -0.005     8.130    -2.286     0.197    -0.005     0.927     0.073     1.000 169
    13.000     6.000     2.000     0.000    14.000     4.000    15.000         *     4.000    10.113    -1.428     0.122    -0.003    10.113    -1.428     0.122    -0.003     0.000     1.000     2.000 172
    11.000     8.000     0.000     0.000     0.000     0.000     0.000     0.000     3.000     8.132    -2.285     0.197    -0.005     8.130    -2.286     0.197    -0.005     0.999     0.001     1.000 173
     9.000     7.000     5.000     9.000     5.000     0.000         *     6.000     3.000     9.168    -1.837     0.158    -0.004    10.113    -1.428     0.122    -0.003     0.477     0.523     2.000 174
    13.000     0.000     0.000     0.000     0.000     0.000     0.000     0.000     1.000     8.131    -2.286     0.197    -0.005     8.130    -2.286     0.197    -0.005     0.999     0.001     1.000 176
     8.000     9.000     4.000     4.000     6.000         *         *         *         *     9.009    -1.906     0.164    -0.004     8.130    -2.286     0.197    -0.005     0.557     0.443     1.000 178
    14.000         *         *    10.000     5.000     0.000     3.000     4.000     1.000     9.830    -1.550     0.132    -0.003    10.113    -1.428     0.122    -0.003     0.143     0.857     2.000 179
     8.000     4.000     0.000     5.000     1.000     0.000     5.000     6.000         *     8.172    -2.268     0.196    -0.005     8.130    -2.286     0.197    -0.005     0.979     0.021     1.000 180
    13.000     3.000     1.000     2.000     1.000     1.000     0.000     0.000     1.000     8.132    -2.285     0.197    -0.005     8.130    -2.286     0.197    -0.005     0.999     0.001     1.000 181
    14.000    11.000     9.000     6.000     4.000         *     2.000     0.000     0.000     9.561    -1.667     0.143    -0.003    10.113    -1.428     0.122    -0.003     0.278     0.722     2.000 182
    16.000     0.000     0.000     0.000     0.000     0.000     2.000     0.000     8.000     8.316    -2.205     0.190    -0.005     8.130    -2.286     0.197    -0.005     0.906     0.094     1.000 183
     5.000     4.000     4.000     4.000     0.000     0.000     2.000     0.000     0.000     8.131    -2.286     0.197    -0.005     8.130    -2.286     0.197    -0.005     1.000     0.000     1.000 184
    14.000     2.000     1.000     0.000     2.000     2.000     0.000     0.000     0.000     8.134    -2.284     0.197    -0.005     8.130    -2.286     0.197    -0.005     0.998     0.002     1.000 186
    12.000     7.000     9.000    10.000     9.000     6.000     8.000    10.000     3.000    10.113    -1.428     0.122    -0.003    10.113    -1.428     0.122    -0.003     0.000     1.000     2.000 188
    15.000    11.000     1.000     0.000         *     0.000    10.000     0.000     0.000     9.647    -1.630     0.139    -0.003    10.113    -1.428     0.122    -0.003     0.235     0.765     2.000 189
    17.000    16.000    11.000     5.000     5.000     4.000     3.000     3.000     4.000    10.113    -1.428     0.122    -0.003    10.113    -1.428     0.122    -0.003     0.000     1.000     2.000 191
    13.000    11.000    11.000     3.000         *         *         *    10.000         *    10.102    -1.432     0.122    -0.003    10.113    -1.428     0.122    -0.003     0.006     0.994     2.000 195
    10.000    10.000     1.000     0.000         *     3.000     2.000     5.000     0.000     8.171    -2.269     0.196    -0.005     8.130    -2.286     0.197    -0.005     0.980     0.020     1.000 197
    13.000     7.000     1.000     6.000     7.000     7.000    12.000         *     4.000    10.113    -1.428     0.122    -0.003    10.113    -1.428     0.122    -0.003     0.000     1.000     2.000 199
     7.000     5.000     6.000     9.000    10.000         *         *         *         *    10.093    -1.436     0.122    -0.003    10.113    -1.428     0.122    -0.003     0.010     0.990     2.000 201
    10.000     0.000     1.000     0.000     0.000     0.000     4.000         *     2.000     8.136    -2.283     0.197    -0.005     8.130    -2.286     0.197    -0.005     0.997     0.003     1.000 203
    13.000    10.000         *         *    13.000     5.000     3.000     7.000     2.000    10.113    -1.428     0.122    -0.003    10.113    -1.428     0.122    -0.003     0.000     1.000     2.000 206
    11.000     3.000     1.000     1.000     4.000     9.000     5.000     1.000         *     9.573    -1.662     0.142    -0.003    10.113    -1.428     0.122    -0.003     0.273     0.727     2.000 208
    19.000     9.000     3.000     3.000    11.000     3.000     4.000     1.000     6.000    10.113    -1.428     0.122    -0.003    10.113    -1.428     0.122    -0.003     0.000     1.000     2.000 209
    14.000     8.000     7.000    10.000     5.000         *         *         *         *    10.090    -1.438     0.122    -0.003    10.113    -1.428     0.122    -0.003     0.012     0.988     2.000 210
    14.000    10.000     7.000     1.000    13.000     5.000         *    10.000     3.000    10.113    -1.428     0.122    -0.003    10.113    -1.428     0.122    -0.003     0.000     1.000     2.000 212
    16.000     5.000     1.000     1.000     0.000     1.000     4.000     5.000     2.000     8.201    -2.255     0.195    -0.005     8.130    -2.286     0.197    -0.005     0.964     0.036     1.000 213
    14.000    11.000         *     7.000     4.000         *     4.000     0.000    12.000    10.112    -1.428     0.122    -0.003    10.113    -1.428     0.122    -0.003     0.000     1.000     2.000 214
    15.000     3.000     0.000     0.000     1.000     0.000     0.000     2.000     1.000     8.133    -2.285     0.197    -0.005     8.130    -2.286     0.197    -0.005     0.998     0.002     1.000 215
    11.000     4.000     3.000     3.000     4.000     0.000     1.000         *     8.000     8.394    -2.172     0.187    -0.005     8.130    -2.286     0.197    -0.005     0.867     0.133     1.000 217
    13.000     5.000     7.000     7.000     4.000     8.000     4.000         *         *    10.092    -1.437     0.122    -0.003    10.113    -1.428     0.122    -0.003     0.011     0.989     2.000 218
    12.000     2.000     1.000     0.000     9.000     6.000    11.000     4.000     7.000    10.113    -1.428     0.122    -0.003    10.113    -1.428     0.122    -0.003     0.000     1.000     2.000 219
    12.000    12.000         *         *     0.000     3.000     0.000     0.000     0.000     8.263    -2.229     0.192    -0.005     8.130    -2.286     0.197    -0.005     0.933     0.067     1.000 223
    16.000     8.000    12.000     5.000    11.000     3.000     3.000     7.000     3.000    10.113    -1.428     0.122    -0.003    10.113    -1.428     0.122    -0.003     0.000     1.000     2.000 226
    12.000    11.000     7.000     0.000     0.000     0.000         *         *         *     8.334    -2.198     0.190    -0.005     8.130    -2.286     0.197    -0.005     0.897     0.103     1.000 228
    12.000     0.000     0.000     0.000     1.000     1.000     2.000     2.000     3.000     8.135    -2.284     0.197    -0.005     8.130    -2.286     0.197    -0.005     0.997     0.003     1.000 231
     9.000         *     2.000     2.000     5.000     5.000     2.000     2.000     4.000     8.398    -2.170     0.187    -0.005     8.130    -2.286     0.197    -0.005     0.865     0.135     1.000 232
     6.000     7.000     6.000     6.000     2.000     5.000     3.000     2.000     3.000     8.379    -2.178     0.188    -0.005     8.130    -2.286     0.197    -0.005     0.875     0.125     1.000 233
     7.000     0.000         *         *     7.000     1.000     4.000     7.000     3.000     9.453    -1.714     0.147    -0.004    10.113    -1.428     0.122    -0.003     0.333     0.667     2.000 235
    12.000     2.000     1.000     0.000     0.000     0.000     0.000     0.000    12.000     8.394    -2.172     0.187    -0.005     8.130    -2.286     0.197    -0.005     0.867     0.133     1.000 236
    13.000     1.000     1.000     2.000     1.000     0.000     1.000     0.000         *     8.135    -2.284     0.197    -0.005     8.130    -2.286     0.197    -0.005     0.998     0.002     1.000 237
    14.000     1.000     1.000     2.000     7.000         *     7.000     5.000     3.000     9.874    -1.531     0.131    -0.003    10.113    -1.428     0.122    -0.003     0.120     0.880     2.000 238
    11.000     8.000     5.000     6.000         *     7.000     6.000     2.000     2.000     9.830    -1.550     0.132    -0.003    10.113    -1.428     0.122    -0.003     0.143     0.857     2.000 239
    15.000    13.000     7.000     2.000     3.000     2.000     0.000     8.000     3.000     9.865    -1.535     0.131    -0.003    10.113    -1.428     0.122    -0.003     0.125     0.875     2.000 240
    10.000     8.000     6.000     3.000     1.000     0.000     0.000     0.000     0.000     8.132    -2.285     0.197    -0.005     8.130    -2.286     0.197    -0.005     0.999     0.001     1.000 245
     9.000     5.000     2.000     0.000     0.000    10.000     5.000     3.000     0.000     8.704    -2.038     0.176    -0.004     8.130    -2.286     0.197    -0.005     0.711     0.289     1.000 246
    16.000    12.000    13.000    13.000     9.000     1.000     4.000    12.000     4.000    10.113    -1.428     0.122    -0.003    10.113    -1.428     0.122    -0.003     0.000     1.000     2.000 247
    16.000     9.000     8.000     6.000     9.000     7.000     9.000     8.000     5.000    10.113    -1.428     0.122    -0.003    10.113    -1.428     0.122    -0.003     0.000     1.000     2.000 249
    11.000         *     7.000     8.000     9.000     8.000     9.000     8.000     6.000    10.113    -1.428     0.122    -0.003    10.113    -1.428     0.122    -0.003     0.000     1.000     2.000 250
     9.000     4.000     0.000     2.000     0.000     2.000     3.000     4.000     2.000     8.134    -2.284     0.197    -0.005     8.130    -2.286     0.197    -0.005     0.998     0.002     1.000 251
    13.000    10.000     9.000     6.000    11.000     9.000    11.000     6.000     4.000    10.113    -1.428     0.122    -0.003    10.113    -1.428     0.122    -0.003     0.000     1.000     2.000 252
     9.000         *     1.000     0.000     2.000     1.000     4.000     2.000         *     8.145    -2.280     0.197    -0.005     8.130    -2.286     0.197    -0.005     0.993     0.007     1.000 253
    12.000    11.000     9.000     8.000         *     7.000     6.000     6.000     5.000    10.112    -1.428     0.122    -0.003    10.113    -1.428     0.122    -0.003     0.000     1.000     2.000 255
    12.000         *     1.000     6.000         *         *     2.000     1.000         *     8.327    -2.201     0.190    -0.005     8.130    -2.286     0.197    -0.005     0.901     0.099     1.000 259
    15.000     6.000     3.000     0.000     0.000     1.000     0.000     0.000         *     8.139    -2.282     0.197    -0.005     8.130    -2.286     0.197    -0.005     0.995     0.005     1.000 261
    11.000         *         *     2.000     1.000     1.000     7.000     2.000     1.000     8.268    -2.227     0.192    -0.005     8.130    -2.286     0.197    -0.005     0.931     0.069     1.000 262
    13.000         *         *     9.000         *     3.000     3.000     5.000     9.000    10.102    -1.432     0.122    -0.003    10.113    -1.428     0.122    -0.003     0.006     0.994     2.000 263
    10.000         *    10.000     4.000     3.000         *     2.000     1.000         *     8.628    -2.070     0.178    -0.004     8.130    -2.286     0.197    -0.005     0.749     0.251     1.000 264
    15.000         *     3.000     5.000    11.000     8.000     9.000     6.000     5.000    10.113    -1.428     0.122    -0.003    10.113    -1.428     0.122    -0.003     0.000     1.000     2.000 265
    10.000     0.000     0.000     1.000     0.000     2.000     0.000     1.000     1.000     8.131    -2.286     0.197    -0.005     8.130    -2.286     0.197    -0.005     1.000     0.000     1.000 268
     9.000     1.000         *     5.000         *     0.000         *     3.000     1.000     8.164    -2.271     0.196    -0.005     8.130    -2.286     0.197    -0.005     0.983     0.017     1.000 269
    14.000     9.000     6.000     2.000    10.000    13.000     4.000     2.000    10.000    10.113    -1.428     0.122    -0.003    10.113    -1.428     0.122    -0.003     0.000     1.000     2.000 270
    15.000     1.000     1.000         *     2.000     0.000     0.000     4.000     2.000     8.166    -2.271     0.196    -0.005     8.130    -2.286     0.197    -0.005     0.982     0.018     1.000 274
    11.000         *     6.000     0.000     3.000     0.000     0.000     0.000     1.000     8.136    -2.284     0.197    -0.005     8.130    -2.286     0.197    -0.005     0.997     0.003     1.000 276
    10.000         *     4.000     2.000     6.000     6.000     2.000         *     2.000     9.137    -1.850     0.159    -0.004    10.113    -1.428     0.122    -0.003     0.492     0.508     2.000 277
    14.000     7.000     4.000     6.000         *         *         *     5.000     3.000     9.014    -1.904     0.164    -0.004     8.130    -2.286     0.197    -0.005     0.555     0.445     1.000 278
    15.000         *     1.000     0.000         *     1.000     1.000     0.000     2.000     8.164    -2.271     0.196    -0.005     8.130    -2.286     0.197    -0.005     0.983     0.017     1.000 281
    12.000         *         *     3.000    11.000     7.000     2.000     0.000     6.000    10.111    -1.429     0.122    -0.003    10.113    -1.428     0.122    -0.003     0.001     0.999     2.000 283
    11.000         *     6.000     2.000         *     5.000     6.000     4.000     5.000     9.667    -1.621     0.139    -0.003    10.113    -1.428     0.122    -0.003     0.225     0.775     2.000 285
    11.000    14.000     5.000     1.000         *     1.000     0.000     3.000     0.000     8.245    -2.236     0.193    -0.005     8.130    -2.286     0.197    -0.005     0.942     0.058     1.000 287
    13.000     9.000     7.000     4.000         *         *         *     1.000     4.000     8.926    -1.942     0.167    -0.004     8.130    -2.286     0.197    -0.005     0.599     0.401     1.000 291
    14.000    11.000    11.000     8.000     2.000     9.000     5.000     0.000     2.000    10.112    -1.428     0.122    -0.003    10.113    -1.428     0.122    -0.003     0.000     1.000     2.000 293
    14.000     0.000         *     1.000     0.000     0.000     1.000     1.000     0.000     8.136    -2.284     0.197    -0.005     8.130    -2.286     0.197    -0.005     0.997     0.003     1.000 295
    15.000     5.000     3.000    10.000     5.000     5.000    15.000     6.000     3.000    10.113    -1.428     0.122    -0.003    10.113    -1.428     0.122    -0.003     0.000     1.000     2.000 297
    13.000    11.000         *     8.000     7.000     6.000     3.000     3.000     0.000    10.098    -1.434     0.122    -0.003    10.113    -1.428     0.122    -0.003     0.008     0.992     2.000 298
    10.000     5.000     3.000     3.000     4.000     5.000    10.000     6.000     6.000    10.083    -1.441     0.123    -0.003    10.113    -1.428     0.122    -0.003     0.015     0.985     2.000 299
    13.000         *     9.000     6.000     0.000     0.000     2.000     0.000     0.000     8.209    -2.252     0.194    -0.005     8.130    -2.286     0.197    -0.005     0.961     0.039     1.000 302
    13.000     4.000         *     0.000     0.000     4.000     7.000     2.000    12.000    10.091    -1.437     0.122    -0.003    10.113    -1.428     0.122    -0.003     0.011     0.989     2.000 303
    12.000         *         *     5.000     5.000         *     6.000     4.000     8.000    10.083    -1.441     0.123    -0.003    10.113    -1.428     0.122    -0.003     0.015     0.985     2.000 304
    16.000    10.000         *     4.000     3.000     2.000     4.000         *         *     9.872    -1.532     0.131    -0.003    10.113    -1.428     0.122    -0.003     0.122     0.878     2.000 305
     7.000     3.000     0.000     0.000         *         *     9.000     3.000    17.000    10.113    -1.428     0.122    -0.003    10.113    -1.428     0.122    -0.003     0.000     1.000     2.000 307
    10.000     3.000     3.000     3.000     6.000    10.000    10.000     9.000         *    10.113    -1.428     0.122    -0.003    10.113    -1.428     0.122    -0.003     0.000     1.000     2.000 308
     8.000     9.000     5.000     2.000         *     2.000     4.000         *         *     8.328    -2.200     0.190    -0.005     8.130    -2.286     0.197    -0.005     0.900     0.100     1.000 310
    12.000     3.000     8.000     7.000     3.000     1.000     2.000     2.000     0.000     8.241    -2.238     0.193    -0.005     8.130    -2.286     0.197    -0.005     0.944     0.056     1.000 312
    11.000     4.000     8.000     8.000     2.000    11.000     6.000     9.000     6.000    10.113    -1.428     0.122    -0.003    10.113    -1.428     0.122    -0.003     0.000     1.000     2.000 313
    13.000    11.000    10.000     8.000     0.000         *         *         *         *    10.036    -1.461     0.125    -0.003    10.113    -1.428     0.122    -0.003     0.039     0.961     2.000 314
    12.000     3.000     4.000     2.000     9.000     2.000         *         *         *     9.575    -1.661     0.142    -0.003    10.113    -1.428     0.122    -0.003     0.271     0.729     2.000 316
     8.000     4.000     4.000     6.000    10.000     6.000     3.000     4.000     3.000    10.046    -1.457     0.124    -0.003    10.113    -1.428     0.122    -0.003     0.034     0.966     2.000 318
    15.000     0.000     2.000     0.000     4.000     0.000     3.000     2.000     1.000     8.169    -2.269     0.196    -0.005     8.130    -2.286     0.197    -0.005     0.980     0.020     1.000 319
    10.000     9.000     9.000    10.000     4.000     5.000     8.000     4.000     9.000    10.113    -1.428     0.122    -0.003    10.113    -1.428     0.122    -0.003     0.000     1.000     2.000 320
    13.000     0.000     0.000     0.000    10.000    15.000     2.000     0.000     4.000    10.113    -1.428     0.122    -0.003    10.113    -1.428     0.122    -0.003     0.000     1.000     2.000 322
     8.000     5.000     2.000     2.000     3.000     5.000     2.000     1.000     3.000     8.158    -2.274     0.196    -0.005     8.130    -2.286     0.197    -0.005     0.986     0.014     1.000 324
     8.000     4.000     4.000     3.000     5.000         *    13.000    17.000     5.000    10.113    -1.428     0.122    -0.003    10.113    -1.428     0.122    -0.003     0.000     1.000     2.000 330
    14.000    11.000     9.000         *    11.000    10.000     9.000    11.000     9.000    10.113    -1.428     0.122    -0.003    10.113    -1.428     0.122    -0.003     0.000     1.000     2.000 331
    13.000     1.000     0.000     1.000     0.000         *     2.000    12.000     0.000     8.486    -2.132     0.184    -0.004     8.130    -2.286     0.197    -0.005     0.821     0.179     1.000 333
    15.000    10.000     7.000     4.000     0.000     3.000     3.000     0.000         *     8.807    -1.993     0.172    -0.004     8.130    -2.286     0.197    -0.005     0.659     0.341     1.000 334
    11.000    14.000    13.000     8.000    16.000    11.000     3.000     2.000         *    10.113    -1.428     0.122    -0.003    10.113    -1.428     0.122    -0.003     0.000     1.000     2.000 335
    13.000     7.000     0.000     0.000     0.000     0.000         *     0.000     0.000     8.133    -2.285     0.197    -0.005     8.130    -2.286     0.197    -0.005     0.998     0.002     1.000 338
    14.000     1.000     1.000     1.000     0.000     0.000         *         *     0.000     8.142    -2.281     0.197    -0.005     8.130    -2.286     0.197    -0.005     0.994     0.006     1.000 339
    11.000     7.000     5.000     5.000     4.000     3.000     4.000     3.000         *     8.575    -2.093     0.180    -0.004     8.130    -2.286     0.197    -0.005     0.776     0.224     1.000 340
    11.000     6.000     5.000     1.000     0.000     0.000     0.000     2.000     3.000     8.132    -2.285     0.197    -0.005     8.130    -2.286     0.197    -0.005     0.999     0.001     1.000 341
    11.000     3.000     0.000     0.000     0.000     4.000     2.000    14.000     1.000     9.094    -1.869     0.161    -0.004     8.130    -2.286     0.197    -0.005     0.514     0.486     1.000 343
    12.000         *     0.000     3.000     2.000     0.000         *     1.000     0.000     8.140    -2.282     0.197    -0.005     8.130    -2.286     0.197    -0.005     0.995     0.005     1.000 347
    16.000     4.000     7.000     9.000     4.000     0.000         *    10.000     1.000    10.074    -1.445     0.123    -0.003    10.113    -1.428     0.122    -0.003     0.020     0.980     2.000 348
    14.000         *    11.000     3.000    11.000     8.000     4.000     4.000     0.000    10.113    -1.428     0.122    -0.003    10.113    -1.428     0.122    -0.003     0.000     1.000     2.000 351
    14.000    11.000     6.000     3.000     5.000     4.000     8.000     6.000     0.000    10.085    -1.440     0.123    -0.003    10.113    -1.428     0.122    -0.003     0.014     0.986     2.000 352
    13.000         *    12.000     8.000     8.000     7.000     9.000     8.000     9.000    10.113    -1.428     0.122    -0.003    10.113    -1.428     0.122    -0.003     0.000     1.000     2.000 353
    10.000     0.000     0.000     0.000     0.000     0.000     0.000     0.000     0.000     8.131    -2.286     0.197    -0.005     8.130    -2.286     0.197    -0.005     1.000     0.000     1.000 354
    13.000     6.000     3.000     0.000     0.000         *         *     7.000     0.000     8.174    -2.267     0.196    -0.005     8.130    -2.286     0.197    -0.005     0.978     0.022     1.000 355
    13.000     8.000     6.000     1.000     3.000         *         *         *         *     8.668    -2.053     0.177    -0.004     8.130    -2.286     0.197    -0.005     0.729     0.271     1.000 358
     5.000         *     1.000     2.000     0.000         *     1.000     0.000     0.000     8.132    -2.285     0.197    -0.005     8.130    -2.286     0.197    -0.005     0.999     0.001     1.000 363
     7.000     6.000     6.000     0.000     2.000     9.000     5.000    10.000     3.000    10.045    -1.457     0.124    -0.003    10.113    -1.428     0.122    -0.003     0.034     0.966     2.000 365
    14.000     8.000         *     9.000     9.000     8.000     8.000     4.000     4.000    10.113    -1.428     0.122    -0.003    10.113    -1.428     0.122    -0.003     0.000     1.000     2.000 366
    10.000         *     6.000     0.000     5.000    15.000     5.000     0.000     7.000    10.113    -1.428     0.122    -0.003    10.113    -1.428     0.122    -0.003     0.000     1.000     2.000 367
     8.000     3.000     0.000     0.000     1.000     1.000     0.000     0.000     2.000     8.131    -2.286     0.197    -0.005     8.130    -2.286     0.197    -0.005     1.000     0.000     1.000 368
    10.000     9.000     6.000     9.000     6.000     5.000     7.000         *     7.000    10.112    -1.428     0.122    -0.003    10.113    -1.428     0.122    -0.003     0.000     1.000     2.000 370
     8.000     4.000         *         *         *     6.000     1.000     0.000     0.000     8.250    -2.234     0.193    -0.005     8.130    -2.286     0.197    -0.005     0.940     0.060     1.000 372
    10.000     8.000     6.000     4.000     7.000     8.000     6.000     5.000     8.000    10.112    -1.428     0.122    -0.003    10.113    -1.428     0.122    -0.003     0.000     1.000     2.000 374
    17.000     6.000         *    11.000     6.000         *     7.000     5.000    14.000    10.113    -1.428     0.122    -0.003    10.113    -1.428     0.122    -0.003     0.000     1.000     2.000 376
    11.000     7.000     5.000     9.000     5.000     4.000     2.000     2.000     5.000     9.728    -1.594     0.136    -0.003    10.113    -1.428     0.122    -0.003     0.194     0.806     2.000 377
    11.000     4.000     2.000     0.000     0.000     0.000     1.000     0.000     1.000     8.131    -2.286     0.197    -0.005     8.130    -2.286     0.197    -0.005     1.000     0.000     1.000 378
    14.000     1.000     0.000     0.000     0.000         *         *         *         *     8.218    -2.248     0.194    -0.005     8.130    -2.286     0.197    -0.005     0.956     0.044     1.000 380
    15.000     4.000     3.000     1.000     6.000     3.000         *     0.000         *     8.757    -2.015     0.173    -0.004     8.130    -2.286     0.197    -0.005     0.684     0.316     1.000 381
    12.000     2.000         *         *     6.000     1.000     3.000     5.000         *     9.027    -1.898     0.163    -0.004     8.130    -2.286     0.197    -0.005     0.548     0.452     1.000 382
    13.000     8.000     6.000     0.000     1.000     0.000     0.000     0.000     0.000     8.134    -2.284     0.197    -0.005     8.130    -2.286     0.197    -0.005     0.998     0.002     1.000 383
     5.000     4.000     2.000     0.000     0.000     0.000     0.000     0.000     0.000     8.130    -2.286     0.197    -0.005     8.130    -2.286     0.197    -0.005     1.000     0.000     1.000 387
    17.000     7.000     3.000     3.000     4.000    11.000     3.000     3.000     2.000    10.104    -1.431     0.122    -0.003    10.113    -1.428     0.122    -0.003     0.004     0.996     2.000 388
    14.000     5.000     3.000     1.000     2.000     2.000     0.000     2.000     0.000     8.136    -2.283     0.197    -0.005     8.130    -2.286     0.197    -0.005     0.997     0.003     1.000 392
    13.000     4.000     1.000     1.000     1.000     0.000     2.000     1.000     0.000     8.132    -2.285     0.197    -0.005     8.130    -2.286     0.197    -0.005     0.999     0.001     1.000 393
    17.000     5.000     2.000     1.000     3.000         *     3.000     3.000     1.000     8.362    -2.186     0.189    -0.005     8.130    -2.286     0.197    -0.005     0.883     0.117     1.000 394
    11.000         *    10.000     1.000     1.000     2.000         *     0.000     0.000     8.213    -2.250     0.194    -0.005     8.130    -2.286     0.197    -0.005     0.959     0.041     1.000 395
    18.000    13.000     4.000     0.000     1.000     0.000     0.000     0.000     0.000     8.425    -2.158     0.186    -0.005     8.130    -2.286     0.197    -0.005     0.851     0.149     1.000 396
    14.000     9.000         *         *         *     4.000     3.000     4.000         *     9.645    -1.630     0.140    -0.003    10.113    -1.428     0.122    -0.003     0.236     0.764     2.000 398
     9.000     3.000     4.000     6.000         *     6.000    11.000    10.000     3.000    10.111    -1.429     0.122    -0.003    10.113    -1.428     0.122    -0.003     0.001     0.999     2.000 400
    13.000     6.000     4.000     1.000     6.000     7.000     2.000     4.000     0.000     9.110    -1.862     0.160    -0.004     8.130    -2.286     0.197    -0.005     0.506     0.494     1.000 401
    11.000     5.000     4.000     1.000         *     0.000     0.000         *         *     8.144    -2.280     0.197    -0.005     8.130    -2.286     0.197    -0.005     0.993     0.007     1.000 402
    10.000     2.000     0.000     1.000     7.000     6.000     6.000     6.000     2.000     9.751    -1.584     0.135    -0.003    10.113    -1.428     0.122    -0.003     0.182     0.818     2.000 404
    10.000     0.000     0.000     0.000     0.000     0.000     2.000     0.000     2.000     8.131    -2.286     0.197    -0.005     8.130    -2.286     0.197    -0.005     1.000     0.000     1.000 405
    14.000     7.000     4.000     3.000     0.000     5.000     6.000     7.000    10.000    10.097    -1.435     0.122    -0.003    10.113    -1.428     0.122    -0.003     0.008     0.992     2.000 406
    13.000     9.000     0.000     0.000     7.000         *     7.000         *         *     9.977    -1.487     0.127    -0.003    10.113    -1.428     0.122    -0.003     0.069     0.931     2.000 407
    10.000         *         *     2.000     0.000     2.000     0.000     1.000     2.000     8.137    -2.283     0.197    -0.005     8.130    -2.286     0.197    -0.005     0.997     0.003     1.000 412
    13.000    11.000     7.000     8.000     8.000     5.000     8.000     8.000         *    10.113    -1.428     0.122    -0.003    10.113    -1.428     0.122    -0.003     0.000     1.000     2.000 413
    14.000         *         *     1.000     2.000     1.000     2.000     2.000         *     8.235    -2.241     0.193    -0.005     8.130    -2.286     0.197    -0.005     0.947     0.053     1.000 418
    10.000     1.000         *     1.000     0.000     0.000     0.000     0.000     0.000     8.131    -2.286     0.197    -0.005     8.130    -2.286     0.197    -0.005     1.000     0.000     1.000 421
    11.000     4.000     5.000     3.000     1.000     5.000     5.000         *    12.000    10.087    -1.439     0.123    -0.003    10.113    -1.428     0.122    -0.003     0.013     0.987     2.000 423
    13.000     2.000     1.000     0.000     1.000     4.000         *     1.000     0.000     8.146    -2.279     0.197    -0.005     8.130    -2.286     0.197    -0.005     0.992     0.008     1.000 424
    15.000         *     2.000     2.000     0.000     0.000     0.000     1.000     2.000     8.138    -2.282     0.197    -0.005     8.130    -2.286     0.197    -0.005     0.996     0.004     1.000 426
    15.000     4.000         *     1.000         *         *     3.000         *     9.000     9.962    -1.493     0.127    -0.003    10.113    -1.428     0.122    -0.003     0.076     0.924     2.000 428
    14.000    11.000     4.000         *     1.000     0.000     0.000     0.000     0.000     8.168    -2.270     0.196    -0.005     8.130    -2.286     0.197    -0.005     0.981     0.019     1.000 432
    17.000     3.000     0.000     5.000     4.000     6.000     3.000     2.000     5.000     9.951    -1.498     0.128    -0.003    10.113    -1.428     0.122    -0.003     0.082     0.918     2.000 434
    10.000     5.000     4.000     2.000     0.000     0.000     5.000     3.000     4.000     8.144    -2.280     0.197    -0.005     8.130    -2.286     0.197    -0.005     0.993     0.007     1.000 436
     2.000         *     1.000         *         *    15.000     1.000     2.000     1.000    10.109    -1.429     0.122    -0.003    10.113    -1.428     0.122    -0.003     0.002     0.998     2.000 437
    12.000    10.000    12.000     6.000     4.000         *     2.000     4.000     0.000     9.881    -1.528     0.130    -0.003    10.113    -1.428     0.122    -0.003     0.117     0.883     2.000 438
     8.000     1.000         *     0.000     0.000     0.000     0.000     9.000         *     8.152    -2.277     0.197    -0.005     8.130    -2.286     0.197    -0.005     0.989     0.011     1.000 440
    18.000     0.000     1.000     1.000     0.000     2.000    16.000     2.000     0.000    10.112    -1.428     0.122    -0.003    10.113    -1.428     0.122    -0.003     0.001     0.999     2.000 441
    14.000    10.000         *    12.000     3.000     6.000    10.000     2.000     7.000    10.113    -1.428     0.122    -0.003    10.113    -1.428     0.122    -0.003     0.000     1.000     2.000 443
    17.000     9.000    11.000    10.000    15.000    11.000     5.000     4.000     3.000    10.113    -1.428     0.122    -0.003    10.113    -1.428     0.122    -0.003     0.000     1.000     2.000 444
    14.000    14.000     9.000     8.000     3.000     5.000     7.000     6.000     6.000    10.113    -1.428     0.122    -0.003    10.113    -1.428     0.122    -0.003     0.000     1.000     2.000 445
    15.000     5.000     2.000     2.000     3.000     3.000     2.000     0.000     0.000     8.168    -2.270     0.196    -0.005     8.130    -2.286     0.197    -0.005     0.981     0.019     1.000 446
    15.000     7.000     4.000     1.000    11.000     8.000    14.000    13.000         *    10.113    -1.428     0.122    -0.003    10.113    -1.428     0.122    -0.003     0.000     1.000     2.000 447
     7.000         *         *     8.000    11.000     6.000     3.000    13.000    16.000    10.113    -1.428     0.122    -0.003    10.113    -1.428     0.122    -0.003     0.000     1.000     2.000 448
     9.000     7.000     3.000     1.000     2.000     1.000         *     5.000     9.000     8.511    -2.121     0.183    -0.004     8.130    -2.286     0.197    -0.005     0.808     0.192     1.000 449
     9.000     0.000     0.000     0.000     0.000     2.000     1.000     1.000    10.000     8.219    -2.248     0.194    -0.005     8.130    -2.286     0.197    -0.005     0.956     0.044     1.000 451
    15.000    13.000    10.000    13.000     2.000     5.000    10.000    16.000     2.000    10.113    -1.428     0.122    -0.003    10.113    -1.428     0.122    -0.003     0.000     1.000     2.000 452
    11.000         *     0.000     0.000     2.000     4.000     7.000         *     7.000     9.685    -1.613     0.138    -0.003    10.113    -1.428     0.122    -0.003     0.216     0.784     2.000 454
    13.000    12.000     9.000    14.000     8.000         *    11.000     9.000     2.000    10.113    -1.428     0.122    -0.003    10.113    -1.428     0.122    -0.003     0.000     1.000     2.000 455
    11.000         *     7.000     8.000    15.000     7.000     6.000     1.000     2.000    10.113    -1.428     0.122    -0.003    10.113    -1.428     0.122    -0.003     0.000     1.000     2.000 456
    20.000         *     4.000     5.000     6.000     0.000     8.000     2.000     3.000    10.108    -1.430     0.122    -0.003    10.113    -1.428     0.122    -0.003     0.003     0.997     2.000 457
    13.000         *     7.000     6.000     5.000     4.000     6.000     3.000     3.000     9.998    -1.478     0.126    -0.003    10.113    -1.428     0.122    -0.003     0.058     0.942     2.000 460
     6.000         *     0.000     0.000     1.000     0.000     0.000     1.000     0.000     8.131    -2.286     0.197    -0.005     8.130    -2.286     0.197    -0.005     1.000     0.000     1.000 463
     3.000         *     2.000     2.000     2.000     2.000     0.000     2.000     1.000     8.134    -2.285     0.197    -0.005     8.130    -2.286     0.197    -0.005     0.998     0.002     1.000 464
     6.000         *     3.000     2.000     1.000     1.000     1.000     1.000     1.000     8.132    -2.285     0.197    -0.005     8.130    -2.286     0.197    -0.005     0.999     0.001     1.000 465
    19.000         *    13.000    13.000     0.000     7.000     0.000     3.000     6.000    10.113    -1.428     0.122    -0.003    10.113    -1.428     0.122    -0.003     0.000     1.000     2.000 466
    11.000         *         *     7.000     0.000     0.000     0.000     8.000     6.000     8.816    -1.989     0.171    -0.004     8.130    -2.286     0.197    -0.005     0.654     0.346     1.000 469
     9.000         *    10.000     8.000     9.000     8.000     2.000     1.000     2.000    10.111    -1.429     0.122    -0.003    10.113    -1.428     0.122    -0.003     0.001     0.999     2.000 470
    10.000         *     3.000     6.000     3.000     6.000     3.000     4.000     6.000     9.609    -1.646     0.141    -0.003    10.113    -1.428     0.122    -0.003     0.254     0.746     2.000 473
    16.000         *     8.000     6.000     7.000     9.000         *     7.000     8.000    10.113    -1.428     0.122    -0.003    10.113    -1.428     0.122    -0.003     0.000     1.000     2.000 474
    10.000         *     1.000     0.000     1.000     1.000     1.000     1.000     0.000     8.132    -2.285     0.197    -0.005     8.130    -2.286     0.197    -0.005     0.999     0.001     1.000 476
    12.000     4.000     4.000     4.000     4.000     3.000     2.000     2.000         *     8.234    -2.241     0.193    -0.005     8.130    -2.286     0.197    -0.005     0.947     0.053     1.000 477
    11.000         *    10.000    12.000     5.000         *     2.000     4.000     1.000    10.087    -1.439     0.123    -0.003    10.113    -1.428     0.122    -0.003     0.013     0.987     2.000 483
     6.000     2.000     0.000     0.000     0.000     0.000     0.000         *     0.000     8.131    -2.286     0.197    -0.005     8.130    -2.286     0.197    -0.005     1.000     0.000     1.000 485
    13.000    13.000     9.000    12.000    10.000    10.000     4.000     3.000     8.000    10.113    -1.428     0.122    -0.003    10.113    -1.428     0.122    -0.003     0.000     1.000     2.000 486
    15.000     7.000     5.000     6.000         *     2.000     4.000     0.000     0.000     8.527    -2.114     0.182    -0.004     8.130    -2.286     0.197    -0.005     0.800     0.200     1.000 488
    11.000     5.000     6.000     3.000         *         *     6.000     5.000    10.000    10.026    -1.465     0.125    -0.003    10.113    -1.428     0.122    -0.003     0.044     0.956     2.000 491
     7.000     5.000     3.000         *         *     6.000    10.000     3.000     0.000     9.810    -1.559     0.133    -0.003    10.113    -1.428     0.122    -0.003     0.153     0.847     2.000 493
    11.000     1.000         *     2.000     0.000         *     3.000     2.000     2.000     8.149    -2.278     0.197    -0.005     8.130    -2.286     0.197    -0.005     0.990     0.010     1.000 494
    12.000     4.000     3.000     0.000     0.000     0.000     0.000     0.000     0.000     8.131    -2.286     0.197    -0.005     8.130    -2.286     0.197    -0.005     1.000     0.000     1.000 496
    16.000     6.000     3.000     2.000     0.000     1.000         *     0.000     0.000     8.154    -2.276     0.197    -0.005     8.130    -2.286     0.197    -0.005     0.988     0.012     1.000 497
    14.000    12.000     9.000     6.000     5.000     6.000     4.000     5.000     5.000    10.112    -1.428     0.122    -0.003    10.113    -1.428     0.122    -0.003     0.001     0.999     2.000 498
    14.000     3.000     1.000     0.000     1.000     2.000     1.000     3.000     2.000     8.138    -2.283     0.197    -0.005     8.130    -2.286     0.197    -0.005     0.996     0.004     1.000 501
    11.000     8.000         *     5.000     9.000     5.000     2.000     4.000         *    10.048    -1.456     0.124    -0.003    10.113    -1.428     0.122    -0.003     0.033     0.967     2.000 502
    13.000     1.000     0.000     1.000     1.000     0.000     1.000     2.000    14.000     9.723    -1.596     0.137    -0.003    10.113    -1.428     0.122    -0.003     0.197     0.803     2.000 503
    15.000     1.000     0.000     1.000     0.000     3.000     1.000     4.000     4.000     8.180    -2.264     0.196    -0.005     8.130    -2.286     0.197    -0.005     0.975     0.025     1.000 504
    17.000     2.000     2.000     0.000     6.000     1.000     0.000     0.000     0.000     8.240    -2.239     0.193    -0.005     8.130    -2.286     0.197    -0.005     0.945     0.055     1.000 506
    12.000     3.000     1.000     1.000     0.000     1.000     0.000     1.000         *     8.132    -2.285     0.197    -0.005     8.130    -2.286     0.197    -0.005     0.999     0.001     1.000 507
    15.000     4.000     3.000     4.000     5.000     1.000     1.000     1.000     0.000     8.189    -2.261     0.195    -0.005     8.130    -2.286     0.197    -0.005     0.971     0.029     1.000 509
    10.000    12.000     9.000     6.000     7.000     3.000     5.000     4.000     3.000    10.094    -1.436     0.122    -0.003    10.113    -1.428     0.122    -0.003     0.010     0.990     2.000 510
    15.000     6.000     4.000     4.000     3.000     3.000     3.000     3.000     3.000     8.499    -2.126     0.183    -0.004     8.130    -2.286     0.197    -0.005     0.814     0.186     1.000 511
     6.000     3.000     4.000     3.000     0.000     2.000         *     0.000         *     8.136    -2.283     0.197    -0.005     8.130    -2.286     0.197    -0.005     0.997     0.003     1.000 512
    15.000     0.000     0.000     0.000     0.000     0.000         *         *         *     8.188    -2.261     0.195    -0.005     8.130    -2.286     0.197    -0.005     0.971     0.029     1.000 513
    13.000     2.000     5.000     4.000     6.000    13.000         *     1.000     0.000    10.109    -1.429     0.122    -0.003    10.113    -1.428     0.122    -0.003     0.002     0.998     2.000 514
     6.000     6.000     6.000     7.000     6.000     4.000     2.000     4.000     7.000     9.828    -1.551     0.133    -0.003    10.113    -1.428     0.122    -0.003     0.144     0.856     2.000 515
    13.000     6.000     7.000     7.000     9.000     7.000     8.000     7.000     1.000    10.113    -1.428     0.122    -0.003    10.113    -1.428     0.122    -0.003     0.000     1.000     2.000 516
    17.000     5.000     4.000     0.000     3.000     1.000     0.000         *     3.000     8.322    -2.203     0.190    -0.005     8.130    -2.286     0.197    -0.005     0.903     0.097     1.000 517
     5.000     1.000     0.000     0.000     0.000     0.000         *     0.000     0.000     8.131    -2.286     0.197    -0.005     8.130    -2.286     0.197    -0.005     1.000     0.000     1.000 519
    13.000     1.000     0.000     1.000     1.000     2.000     0.000     2.000     0.000     8.133    -2.285     0.197    -0.005     8.130    -2.286     0.197    -0.005     0.999     0.001     1.000 520
    12.000     7.000     5.000    14.000     8.000     9.000    10.000    15.000    12.000    10.113    -1.428     0.122    -0.003    10.113    -1.428     0.122    -0.003     0.000     1.000     2.000 522
     2.000     2.000     2.000     0.000     0.000     0.000         *     6.000         *     8.138    -2.282     0.197    -0.005     8.130    -2.286     0.197    -0.005     0.996     0.004     1.000 523
    13.000     9.000         *         *     9.000     0.000     2.000     2.000     1.000     9.614    -1.644     0.141    -0.003    10.113    -1.428     0.122    -0.003     0.252     0.748     2.000 524
    15.000     9.000     5.000     4.000     4.000     2.000     2.000     2.000     0.000     8.406    -2.167     0.187    -0.005     8.130    -2.286     0.197    -0.005     0.861     0.139     1.000 525
    12.000         *         *     0.000     4.000     4.000     3.000         *         *     8.986    -1.916     0.165    -0.004     8.130    -2.286     0.197    -0.005     0.569     0.431     1.000 529
    10.000    10.000    10.000     5.000     6.000     2.000     4.000     2.000     1.000     9.642    -1.631     0.140    -0.003    10.113    -1.428     0.122    -0.003     0.237     0.763     2.000 533
    15.000     9.000     3.000     3.000     1.000     1.000     1.000     0.000     0.000     8.149    -2.278     0.197    -0.005     8.130    -2.286     0.197    -0.005     0.990     0.010     1.000 534
     9.000     4.000     2.000     1.000     1.000     0.000     0.000     0.000     0.000     8.131    -2.286     0.197    -0.005     8.130    -2.286     0.197    -0.005     1.000     0.000     1.000 537
     7.000         *     0.000     0.000         *         *         *     0.000     0.000     8.141    -2.281     0.197    -0.005     8.130    -2.286     0.197    -0.005     0.995     0.005     1.000 538
    15.000    11.000     8.000     6.000     5.000         *         *         *         *    10.087    -1.439     0.123    -0.003    10.113    -1.428     0.122    -0.003     0.013     0.987     2.000 539
    15.000         *         *     5.000     1.000     0.000     0.000     3.000     0.000     8.187    -2.261     0.195    -0.005     8.130    -2.286     0.197    -0.005     0.971     0.029     1.000 541
    14.000         *     6.000     6.000     2.000     1.000    12.000     7.000    14.000    10.113    -1.428     0.122    -0.003    10.113    -1.428     0.122    -0.003     0.000     1.000     2.000 545
    16.000         *         *         *    12.000     3.000     1.000     1.000     0.000    10.106    -1.431     0.122    -0.003    10.113    -1.428     0.122    -0.003     0.003     0.997     2.000 546
     7.000         *     4.000     2.000     1.000     3.000     0.000     2.000     0.000     8.133    -2.285     0.197    -0.005     8.130    -2.286     0.197    -0.005     0.999     0.001     1.000 550
    18.000         *     3.000     0.000     2.000     0.000     3.000     2.000     3.000     8.439    -2.152     0.186    -0.004     8.130    -2.286     0.197    -0.005     0.844     0.156     1.000 551
    14.000         *     1.000     3.000     3.000     0.000     1.000         *     3.000     8.214    -2.250     0.194    -0.005     8.130    -2.286     0.197    -0.005     0.958     0.042     1.000 553
    13.000         *     2.000     1.000     0.000     0.000     0.000         *     0.000     8.135    -2.284     0.197    -0.005     8.130    -2.286     0.197    -0.005     0.998     0.002     1.000 555
    13.000         *    10.000     6.000     6.000     2.000    12.000     2.000     3.000    10.113    -1.428     0.122    -0.003    10.113    -1.428     0.122    -0.003     0.000     1.000     2.000 556
     7.000         *     4.000     2.000     6.000     3.000     7.000         *     3.000     9.459    -1.711     0.147    -0.004    10.113    -1.428     0.122    -0.003     0.330     0.670     2.000 557
     7.000         *     0.000     0.000     0.000     1.000         *     1.000     3.000     8.134    -2.284     0.197    -0.005     8.130    -2.286     0.197    -0.005     0.998     0.002     1.000 558
    12.000         *     6.000     4.000     6.000         *     3.000     3.000     1.000     8.751    -2.017     0.174    -0.004     8.130    -2.286     0.197    -0.005     0.687     0.313     1.000 559
    10.000         *     9.000     9.000     7.000     8.000         *     8.000         *    10.113    -1.428     0.122    -0.003    10.113    -1.428     0.122    -0.003     0.000     1.000     2.000 562
    13.000         *    12.000    10.000     9.000     7.000         *         *     6.000    10.113    -1.428     0.122    -0.003    10.113    -1.428     0.122    -0.003     0.000     1.000     2.000 563
    10.000         *     3.000     2.000     3.000     4.000     8.000     4.000     5.000     9.544    -1.674     0.143    -0.003    10.113    -1.428     0.122    -0.003     0.287     0.713     2.000 566
    15.000         *     5.000    15.000     4.000     9.000    13.000         *    12.000    10.113    -1.428     0.122    -0.003    10.113    -1.428     0.122    -0.003     0.000     1.000     2.000 567
    11.000         *     1.000     0.000     0.000     2.000     1.000     1.000     0.000     8.132    -2.285     0.197    -0.005     8.130    -2.286     0.197    -0.005     0.999     0.001     1.000 568
    10.000         *     0.000     0.000     0.000     0.000     1.000     0.000     0.000     8.131    -2.286     0.197    -0.005     8.130    -2.286     0.197    -0.005     1.000     0.000     1.000 569
    10.000         *     4.000     1.000     0.000     0.000     0.000     0.000     0.000     8.131    -2.286     0.197    -0.005     8.130    -2.286     0.197    -0.005     1.000     0.000     1.000 571
    13.000         *     9.000     5.000     3.000     6.000     5.000     4.000     6.000    10.091    -1.437     0.122    -0.003    10.113    -1.428     0.122    -0.003     0.011     0.989     2.000 572
    13.000         *     2.000     3.000     1.000     6.000     3.000     0.000     0.000     8.263    -2.229     0.192    -0.005     8.130    -2.286     0.197    -0.005     0.933     0.067     1.000 573
    14.000         *     1.000     1.000     0.000     2.000     1.000     0.000     0.000     8.136    -2.283     0.197    -0.005     8.130    -2.286     0.197    -0.005     0.997     0.003     1.000 575
    13.000    13.000     6.000     6.000     3.000     3.000     5.000         *     4.000    10.059    -1.451     0.124    -0.003    10.113    -1.428     0.122    -0.003     0.027     0.973     2.000 576
    11.000         *     7.000     7.000     0.000     6.000     0.000     0.000     4.000     8.757    -2.015     0.173    -0.004     8.130    -2.286     0.197    -0.005     0.684     0.316     1.000 577
     8.000         *     3.000     2.000     3.000     2.000     2.000     2.000     0.000     8.137    -2.283     0.197    -0.005     8.130    -2.286     0.197    -0.005     0.997     0.003     1.000 578
    10.000         *    10.000     6.000     6.000    10.000    10.000         *     2.000    10.113    -1.428     0.122    -0.003    10.113    -1.428     0.122    -0.003     0.000     1.000     2.000 581
    15.000         *     0.000     0.000     0.000     0.000     3.000     0.000     7.000     8.269    -2.226     0.192    -0.005     8.130    -2.286     0.197    -0.005     0.930     0.070     1.000 582
    14.000         *     0.000     0.000     0.000     0.000     0.000     7.000     0.000     8.141    -2.281     0.197    -0.005     8.130    -2.286     0.197    -0.005     0.994     0.006     1.000 589
    11.000         *     5.000     6.000     5.000     3.000     2.000     9.000     3.000     9.714    -1.601     0.137    -0.003    10.113    -1.428     0.122    -0.003     0.201     0.799     2.000 590
    15.000         *     9.000     5.000     2.000     2.000     0.000     2.000     2.000     8.603    -2.081     0.179    -0.004     8.130    -2.286     0.197    -0.005     0.762     0.238     1.000 592
    11.000         *         *    11.000     5.000     6.000     4.000         *         *    10.108    -1.430     0.122    -0.003    10.113    -1.428     0.122    -0.003     0.002     0.998     2.000 598
    12.000         *     1.000     8.000     2.000     6.000     7.000     2.000     0.000     9.777    -1.573     0.134    -0.003    10.113    -1.428     0.122    -0.003     0.169     0.831     2.000 602
     7.000         *         *         *    12.000     1.000     6.000         *     4.000    10.110    -1.429     0.122    -0.003    10.113    -1.428     0.122    -0.003     0.002     0.998     2.000 604
     6.000         *     2.000     0.000         *     0.000     0.000     1.000     5.000     8.136    -2.283     0.197    -0.005     8.130    -2.286     0.197    -0.005     0.997     0.003     1.000 606
     9.000         *     4.000     3.000     7.000     3.000     5.000     3.000     4.000     9.272    -1.792     0.154    -0.004    10.113    -1.428     0.122    -0.003     0.424     0.576     2.000 607
    11.000         *     2.000     4.000     0.000     0.000         *     0.000     0.000     8.135    -2.284     0.197    -0.005     8.130    -2.286     0.197    -0.005     0.998     0.002     1.000 609
    14.000         *     1.000     0.000     0.000     0.000     0.000     0.000     0.000     8.132    -2.285     0.197    -0.005     8.130    -2.286     0.197    -0.005     0.999     0.001     1.000 616
    14.000         *    14.000    13.000    12.000     4.000     3.000     3.000     5.000    10.113    -1.428     0.122    -0.003    10.113    -1.428     0.122    -0.003     0.000     1.000     2.000 619
    13.000         *     4.000     3.000     2.000     2.000     3.000     0.000     0.000     8.160    -2.273     0.196    -0.005     8.130    -2.286     0.197    -0.005     0.985     0.015     1.000 621
    10.000         *     3.000     0.000     0.000     2.000     0.000     0.000     0.000     8.132    -2.285     0.197    -0.005     8.130    -2.286     0.197    -0.005     0.999     0.001     1.000 623
    10.000         *     1.000     0.000     0.000     0.000     1.000     0.000     0.000     8.131    -2.286     0.197    -0.005     8.130    -2.286     0.197    -0.005     1.000     0.000     1.000 625
     9.000         *     3.000     5.000     0.000     0.000     0.000     0.000         *     8.134    -2.284     0.197    -0.005     8.130    -2.286     0.197    -0.005     0.998     0.002     1.000 626
    13.000         *     1.000     0.000     0.000     0.000     0.000     4.000         *     8.137    -2.283     0.197    -0.005     8.130    -2.286     0.197    -0.005     0.997     0.003     1.000 627
    15.000         *     7.000     6.000     3.000     4.000     3.000     4.000     8.000    10.079    -1.442     0.123    -0.003    10.113    -1.428     0.122    -0.003     0.017     0.983     2.000 629
     8.000         *     2.000     3.000     2.000     3.000     4.000         *    12.000     9.998    -1.478     0.126    -0.003    10.113    -1.428     0.122    -0.003     0.058     0.942     2.000 632
     8.000         *     4.000     1.000     2.000     2.000     0.000     9.000     1.000     8.168    -2.270     0.196    -0.005     8.130    -2.286     0.197    -0.005     0.981     0.019     1.000 634
    17.000         *    17.000    13.000     9.000    11.000    14.000    10.000     3.000    10.113    -1.428     0.122    -0.003    10.113    -1.428     0.122    -0.003     0.000     1.000     2.000 637
    17.000         *     4.000     0.000     0.000     0.000         *     0.000     3.000     8.243    -2.237     0.193    -0.005     8.130    -2.286     0.197    -0.005     0.943     0.057     1.000 640
     7.000         *     0.000     0.000     0.000     0.000     1.000     1.000     0.000     8.131    -2.286     0.197    -0.005     8.130    -2.286     0.197    -0.005     1.000     0.000     1.000 646
    10.000         *     0.000     1.000     6.000     0.000     0.000     4.000     0.000     8.145    -2.279     0.197    -0.005     8.130    -2.286     0.197    -0.005     0.992     0.008     1.000 649
    10.000         *    12.000    10.000     6.000     6.000     5.000     6.000    10.000    10.113    -1.428     0.122    -0.003    10.113    -1.428     0.122    -0.003     0.000     1.000     2.000 654
    10.000         *     1.000     0.000     0.000     0.000     0.000     0.000     0.000     8.131    -2.286     0.197    -0.005     8.130    -2.286     0.197    -0.005     1.000     0.000     1.000 655
     9.000         *     7.000     3.000     3.000     9.000     5.000         *         *    10.050    -1.455     0.124    -0.003    10.113    -1.428     0.122    -0.003     0.032     0.968     2.000 659
    14.000         *     2.000     0.000     0.000     0.000     0.000     0.000     0.000     8.133    -2.285     0.197    -0.005     8.130    -2.286     0.197    -0.005     0.999     0.001     1.000 662
    14.000         *    12.000    12.000    11.000     8.000     4.000     8.000     6.000    10.113    -1.428     0.122    -0.003    10.113    -1.428     0.122    -0.003     0.000     1.000     2.000 665
     9.000         *     3.000     0.000     2.000     1.000     0.000     4.000     4.000     8.138    -2.283     0.197    -0.005     8.130    -2.286     0.197    -0.005     0.996     0.004     1.000 668
    15.000         *     0.000     8.000     0.000    13.000     1.000     0.000     0.000    10.105    -1.431     0.122    -0.003    10.113    -1.428     0.122    -0.003     0.004     0.996     2.000 670
    10.000         *         *     3.000         *     5.000     5.000     0.000     6.000     9.507    -1.690     0.145    -0.004    10.113    -1.428     0.122    -0.003     0.306     0.694     2.000 673
     6.000         *     5.000     6.000     0.000     0.000     1.000     0.000     0.000     8.133    -2.285     0.197    -0.005     8.130    -2.286     0.197    -0.005     0.998     0.002     1.000 675
    10.000         *     5.000     7.000     4.000     5.000     3.000     3.000     2.000     9.034    -1.895     0.163    -0.004     8.130    -2.286     0.197    -0.005     0.544     0.456     1.000 680
    12.000         *     8.000     8.000     0.000     2.000         *     5.000     4.000     9.313    -1.774     0.152    -0.004    10.113    -1.428     0.122    -0.003     0.404     0.596     2.000 684
    11.000         *     1.000     5.000     1.000     0.000     0.000     0.000     0.000     8.133    -2.285     0.197    -0.005     8.130    -2.286     0.197    -0.005     0.999     0.001     1.000 685
    13.000         *     0.000     0.000     0.000     0.000     0.000     0.000     0.000     8.132    -2.285     0.197    -0.005     8.130    -2.286     0.197    -0.005     0.999     0.001     1.000 688
    13.000         *     2.000     3.000     7.000     4.000         *         *     1.000     9.485    -1.700     0.146    -0.004    10.113    -1.428     0.122    -0.003     0.317     0.683     2.000 690
    14.000         *     2.000     0.000     3.000     0.000     0.000     0.000    10.000     8.728    -2.027     0.175    -0.004     8.130    -2.286     0.197    -0.005     0.698     0.302     1.000 691
    12.000         *     0.000     2.000     0.000     1.000     0.000     0.000     1.000     8.132    -2.285     0.197    -0.005     8.130    -2.286     0.197    -0.005     0.999     0.001     1.000 697
     7.000         *     2.000     0.000     0.000     2.000     2.000     2.000         *     8.135    -2.284     0.197    -0.005     8.130    -2.286     0.197    -0.005     0.998     0.002     1.000 698
    15.000         *     6.000     0.000     2.000     0.000     0.000         *     0.000     8.174    -2.267     0.196    -0.005     8.130    -2.286     0.197    -0.005     0.978     0.022     1.000 704
     8.000         *     0.000     0.000     0.000     0.000     0.000     0.000     0.000     8.131    -2.286     0.197    -0.005     8.130    -2.286     0.197    -0.005     1.000     0.000     1.000 705
    16.000         *     2.000     2.000     1.000     0.000    17.000         *    11.000    10.113    -1.428     0.122    -0.003    10.113    -1.428     0.122    -0.003     0.000     1.000     2.000 706
    10.000         *         *     5.000     2.000     6.000     4.000     0.000     2.000     8.799    -1.997     0.172    -0.004     8.130    -2.286     0.197    -0.005     0.663     0.337     1.000 707
     5.000         *         *     0.000     0.000         *     0.000     0.000         *     8.139    -2.282     0.197    -0.005     8.130    -2.286     0.197    -0.005     0.996     0.004     1.000 710
     9.000         *         *     7.000    12.000         *     3.000     4.000         *    10.107    -1.430     0.122    -0.003    10.113    -1.428     0.122    -0.003     0.003     0.997     2.000 711
    13.000         *         *     0.000     0.000         *     0.000     0.000         *     8.164    -2.271     0.196    -0.005     8.130    -2.286     0.197    -0.005     0.983     0.017     1.000 712
     7.000         *         *     3.000     5.000         *     0.000     4.000         *     8.307    -2.209     0.191    -0.005     8.130    -2.286     0.197    -0.005     0.911     0.089     1.000 713
     8.000         *         *    12.000     6.000         *     7.000     0.000         *    10.106    -1.431     0.122    -0.003    10.113    -1.428     0.122    -0.003     0.004     0.996     2.000 717
    14.000         *         *     0.000     0.000         *     0.000     0.000         *     8.182    -2.263     0.195    -0.005     8.130    -2.286     0.197    -0.005     0.974     0.026     1.000 722
    10.000         *         *     5.000     6.000         *     4.000     6.000         *     9.717    -1.599     0.137    -0.003    10.113    -1.428     0.122    -0.003     0.200     0.800     2.000 725
    15.000         *         *    12.000     6.000         *    12.000     6.000         *    10.113    -1.428     0.122    -0.003    10.113    -1.428     0.122    -0.003     0.000     1.000     2.000 733
    14.000         *         *     3.000     2.000         *     2.000     3.000         *     8.475    -2.137     0.184    -0.004     8.130    -2.286     0.197    -0.005     0.826     0.174     1.000 739
