     8.000     6.000     2.000     2.000     2.000     1.000     0.000     0.000     1.000     2.885     1.190    -0.091     0.093
    10.000     6.000     9.000     7.000     7.000     8.000    10.000     8.000         *     7.632     1.202    -0.055     0.108
    12.000         *         *     0.000     1.000     1.000     0.000     2.000     0.000     1.659     1.509    -0.031     0.103
     8.000     0.000         *     0.000     0.000     5.000     2.000     7.000         *     1.573     1.375     0.106     0.112
     8.000         *         *     2.000     4.000     3.000     3.000     3.000     1.000     3.512     1.509    -0.057     0.103
     7.000     0.000     0.000     1.000     2.000     1.000         *         *         *     1.260     1.212     0.022     0.122
     7.000     0.000     1.000     0.000     0.000     0.000     0.000     0.000     0.000     0.915     1.190    -0.022     0.093
     4.000     0.000     0.000         *     4.000     4.000     2.000     2.000     6.000     1.830     1.332     0.079     0.096
     6.000         *         *     0.000     0.000     6.000     3.000     0.000         *     2.158     1.526    -0.011     0.118
     7.000     1.000     1.000     7.000     0.000     2.000     0.000     0.000    13.000     2.293     1.190     0.103     0.093
    13.000     3.000     5.000     5.000     5.000     6.000         *         *         *     5.051     1.212    -0.055     0.122
     8.000     4.000     2.000     1.000     0.000     0.000     4.000         *         *     2.181     1.203    -0.018     0.119
     7.000     5.000     5.000     5.000     6.000         *     2.000         *         *     5.103     1.230    -0.095     0.120
    10.000     7.000     5.000     8.000     5.000     7.000     9.000    10.000     8.000     6.480     1.190     0.025     0.093
     7.000     4.000     3.000     2.000     1.000     0.000     1.000     0.000     0.000     2.703     1.190    -0.096     0.093
     9.000     2.000     3.000     6.000     1.000     0.000     4.000         *         *     3.477     1.203    -0.060     0.119
    17.000     8.000     1.000     0.000     0.000     1.000     3.000     1.000     1.000     2.533     1.190    -0.058     0.093
     6.000     6.000     0.000         *     0.000     0.000     0.000     0.000     1.000     1.890     1.332    -0.055     0.096
    12.000     1.000     1.000     3.000     3.000     1.000     3.000     4.000     5.000     2.325     1.190     0.050     0.093
     7.000     6.000     0.000     1.000     0.000     0.000         *    11.000     6.000     1.759     1.203     0.145     0.093
    10.000    11.000         *     0.000     7.000     5.000     8.000     9.000         *     5.419     1.375     0.016     0.112
     8.000     9.000         *     5.000     9.000     7.000     4.000     6.000    13.000     6.411     1.362     0.035     0.098
     8.000     0.000     1.000     0.000     0.000     0.000         *         *         *     0.944     1.212     0.009     0.122
     9.000     3.000     4.000     1.000     0.000         *     1.000         *     0.000     2.683     1.224    -0.077     0.098
     7.000     9.000     2.000     2.000         *     1.000     1.000     0.000     0.000     3.516     1.250    -0.127     0.093
    10.000     3.000     2.000     0.000     0.000     0.000     0.000     1.000     3.000     1.550     1.190    -0.003     0.093
    10.000     9.000         *     7.000     3.000     2.000     8.000     4.000     4.000     6.143     1.362    -0.108     0.098
     7.000     2.000         *     0.000     3.000     0.000     0.000     0.000     0.000     1.795     1.362    -0.055     0.098
    12.000     3.000     8.000     8.000     5.000     4.000     4.000     3.000     2.000     6.398     1.190    -0.159     0.093
    14.000    14.000    14.000    14.000    11.000    10.000    10.000         *    14.000    12.255     1.191    -0.125     0.098
    13.000     9.000     8.000     4.000    10.000    10.000     9.000    11.000    10.000     7.543     1.190     0.035     0.093
     5.000     1.000     0.000     0.000     0.000     1.000     0.000     2.000         *     0.798     1.202     0.027     0.108
     8.000         *     2.000     0.000     0.000     0.000     0.000     0.000     0.000     1.401     1.285    -0.045     0.096
    10.000     6.000     1.000     2.000     0.000     0.000     2.000     0.000     0.000     2.458     1.190    -0.084     0.093
     9.000     7.000     6.000     7.000     6.000     3.000     2.000     3.000     0.000     6.195     1.190    -0.192     0.093
    13.000     6.000     3.000     2.000     0.000     2.000     2.000     2.000     1.000     3.200     1.190    -0.076     0.093
    11.000     6.000     1.000     1.000     0.000     4.000    12.000         *     0.000     3.187     1.191    -0.017     0.098
    10.000         *     4.000     0.000     1.000     0.000     0.000     0.000     3.000     2.058     1.285    -0.034     0.096
     9.000     5.000    12.000     2.000     5.000         *     6.000     3.000     4.000     6.400     1.222    -0.123     0.093
     5.000     6.000     6.000     6.000     7.000     5.000     5.000     5.000    11.000     5.700     1.190     0.025     0.093
     5.000     7.000     2.000     0.000     1.000     0.000         *     7.000    13.000     1.974     1.203     0.194     0.093
     7.000     2.000     0.000     1.000     0.000     0.000     2.000     3.000     2.000     1.221     1.190     0.031     0.093
     6.000     1.000     0.000     0.000     0.000     0.000     1.000    10.000         *     0.693     1.202     0.150     0.108
     7.000     0.000     0.000     0.000     6.000     8.000     3.000     8.000    10.000     1.948     1.190     0.213     0.093
    10.000     1.000     0.000     0.000     0.000     0.000     2.000     3.000     1.000     0.943     1.190     0.030     0.093
     6.000     6.000     4.000     5.000     3.000         *     4.000         *         *     4.650     1.230    -0.072     0.120
     6.000     0.000     0.000     0.000     0.000     0.000     0.000     0.000     0.000     0.632     1.190    -0.008     0.093
     8.000     4.000         *     3.000     0.000     7.000     0.000     0.000     0.000     3.515     1.362    -0.109     0.098
     8.000     0.000     0.000     1.000     0.000     0.000         *     0.000     1.000     0.910     1.203    -0.002     0.093
    11.000     5.000     2.000     0.000     0.000     3.000     2.000     2.000     3.000     2.270     1.190    -0.003     0.093
    12.000     5.000     3.000     2.000     2.000     0.000     0.000         *         *     3.000     1.203    -0.089     0.119
     5.000     3.000     4.000     4.000     2.000     4.000         *         *     0.000     3.872     1.204    -0.096     0.099
    14.000     8.000     2.000     5.000     5.000     9.000     4.000     1.000     8.000     5.069     1.190    -0.021     0.093
    10.000     3.000     3.000     1.000     0.000     1.000     5.000     8.000     0.000     2.607     1.190     0.010     0.093
    10.000     3.000     2.000     0.000     0.000     0.000     0.000     0.000     0.000     1.688     1.190    -0.060     0.093
     9.000     2.000     0.000     2.000     7.000     3.000     0.000     0.000     0.000     2.687     1.190    -0.070     0.093
     9.000     7.000     5.000     8.000     6.000     5.000    10.000         *         *     6.573     1.203    -0.065     0.119
    15.000     5.000     4.000     2.000     0.000    10.000     8.000    10.000    14.000     3.869     1.190     0.214     0.093
    11.000     2.000     2.000     2.000     0.000         *     0.000     9.000    16.000     1.709     1.222     0.262     0.093
     8.000     7.000     0.000     0.000     4.000     0.000     2.000    11.000     0.000     2.431     1.190     0.035     0.093
    15.000     3.000     0.000     0.000         *     8.000     0.000         *     0.000     2.321     1.251    -0.029     0.098
    12.000     5.000     9.000    10.000     6.000    10.000     8.000     6.000     3.000     8.328     1.190    -0.152     0.093
     8.000     3.000     1.000     0.000         *     0.000     0.000     0.000     0.000     1.552     1.250    -0.049     0.093
     7.000     0.000     0.000     0.000     0.000         *     0.000         *     0.000     0.722     1.224    -0.003     0.098
    11.000     0.000     0.000     0.000     0.000     0.000     0.000         *         *     0.696     1.203     0.008     0.119
    14.000     4.000     2.000     0.000     0.000     0.000    14.000     1.000     8.000     2.310     1.190     0.104     0.093
    14.000     6.000     1.000     0.000         *     0.000    11.000     0.000         *     2.803     1.258    -0.012     0.108
    11.000     0.000     3.000     3.000     7.000     5.000     8.000    13.000    11.000     3.638     1.190     0.216     0.093
    12.000     1.000     3.000         *     6.000     7.000     5.000     2.000         *     4.269     1.343    -0.031     0.111
    11.000     7.000     4.000     1.000     5.000     2.000         *         *         *     4.007     1.212    -0.069     0.122
     9.000     6.000     6.000     4.000     1.000     2.000     1.000         *         *     4.444     1.203    -0.128     0.119
     8.000     2.000     2.000     2.000     0.000     0.000     0.000     0.000     0.000     1.973     1.190    -0.070     0.093
    12.000     3.000     2.000     2.000     2.000     2.000     1.000     2.000     2.000     2.632     1.190    -0.035     0.093
    15.000         *     0.000     0.000     0.000         *     0.000    17.000     1.000     1.354     1.326     0.150     0.096
    12.000     1.000     1.000         *     3.000     0.000     0.000         *         *     1.961     1.343    -0.031     0.121
    14.000     9.000     4.000     3.000     4.000     5.000     0.000     0.000    15.000     4.195     1.190     0.057     0.093
    13.000     2.000     0.000     2.000    12.000     1.000     0.000     0.000     0.000     3.247     1.190    -0.091     0.093
         *     0.000     0.000     0.000     0.000     0.000     0.000     0.000     0.000     0.520     1.203    -0.002     0.093
    13.000     2.000     4.000     2.000     5.000         *         *    15.000         *     3.811     1.243     0.167     0.110
    14.000     9.000     8.000     7.000    10.000         *     3.000         *         *     7.858     1.230    -0.172     0.120
     8.000     3.000     8.000     5.000     2.000     0.000     2.000     0.000     6.000     4.503     1.190    -0.088     0.093
    11.000     1.000     1.000     0.000     4.000     3.000     3.000         *         *     2.016     1.203     0.029     0.119
    13.000         *     3.000     4.000    15.000    15.000     8.000     7.000         *     7.137     1.299     0.013     0.111
     9.000     9.000     9.000     8.000    11.000     6.000     2.000    16.000     6.000     8.267     1.190    -0.052     0.093
    10.000    10.000     5.000     0.000     0.000         *     5.000     3.000     3.000     4.004     1.222    -0.058     0.093
    16.000     2.000     2.000     5.000     8.000    13.000    10.000    12.000     4.000     5.583     1.190     0.074     0.093
    10.000    11.000     3.000     1.000     0.000     0.000     0.000     0.000     3.000     3.240     1.190    -0.095     0.093
    12.000    12.000         *         *     5.000         *     0.000     1.000     0.000     6.692     1.681    -0.246     0.104
    11.000     6.000         *     5.000     5.000         *     1.000     0.000     5.000     4.923     1.413    -0.102     0.098
    13.000     2.000     1.000     0.000     2.000     0.000     0.000     0.000     1.000     1.556     1.190    -0.034     0.093
    12.000     3.000     4.000     3.000     0.000     5.000     5.000     3.000         *     3.592     1.202    -0.025     0.108
    11.000     8.000     7.000     7.000     4.000     0.000     0.000     4.000     3.000     5.849     1.190    -0.158     0.093
    10.000     2.000         *     0.000     0.000     2.000     0.000     0.000     1.000     1.545     1.362    -0.030     0.098
     4.000     5.000     6.000     5.000     3.000     0.000     5.000     0.000     0.000     4.780     1.190    -0.162     0.093
    13.000     0.000     0.000     0.000     0.000     0.000         *     0.000    14.000     0.255     1.203     0.209     0.093
    12.000     8.000     7.000     9.000    10.000     6.000     3.000     1.000     1.000     7.958     1.190    -0.249     0.093
    14.000         *     1.000     5.000     2.000    10.000     0.000    13.000    15.000     3.363     1.285     0.246     0.096
     7.000     0.000     0.000     0.000         *     0.000     0.000     1.000     8.000     0.428     1.250     0.120     0.093
    15.000     5.000     1.000     1.000     0.000     2.000     1.000     4.000     0.000     2.333     1.190    -0.036     0.093
     9.000         *     4.000     4.000     2.000     1.000     0.000     0.000     0.000     3.571     1.285    -0.133     0.096
    13.000     5.000     1.000     3.000     2.000     3.000     4.000     8.000     7.000     2.983     1.190     0.095     0.093
    12.000    13.000    10.000     8.000    11.000     6.000    11.000     7.000    11.000     9.388     1.190    -0.080     0.093
    12.000     5.000     4.000     1.000     6.000     6.000     2.000         *     1.000     4.242     1.191    -0.082     0.098
    14.000     1.000     0.000         *         *     4.000     0.000     1.000     0.000     2.021     1.420    -0.039     0.097
    11.000     1.000     1.000     0.000     0.000         *    11.000     0.000         *     1.822     1.230     0.044     0.108
    18.000    16.000    18.000         *    12.000     5.000     5.000     9.000    12.000    12.684     1.332    -0.233     0.096
    15.000     9.000    16.000    16.000    11.000    15.000     8.000     6.000     4.000    13.349     1.190    -0.331     0.093
    15.000    10.000     9.000    12.000    12.000     6.000    15.000     9.000     6.000    10.293     1.190    -0.138     0.093
    12.000     4.000     0.000     2.000     0.000     1.000     0.000         *     0.000     1.927     1.191    -0.056     0.098
    12.000     0.000     0.000     0.000     0.000     2.000     1.000     1.000     2.000     0.909     1.190     0.029     0.093
    17.000     8.000         *     4.000     7.000     2.000     2.000     4.000     0.000     5.666     1.362    -0.164     0.098
    12.000     5.000     0.000     5.000     2.000     0.000     1.000     2.000     2.000     2.927     1.190    -0.056     0.093
    11.000         *     0.000     6.000    13.000     7.000    18.000         *     0.000     6.553     1.285    -0.059     0.100
    17.000     4.000     1.000     1.000     0.000     1.000     4.000         *         *     2.190     1.203    -0.012     0.119
    17.000     3.000     0.000     0.000     2.000     1.000     3.000         *     2.000     1.747     1.191     0.009     0.098
    13.000     6.000     4.000     3.000         *    16.000    12.000         *         *     6.164     1.258     0.070     0.119
    16.000     0.000     2.000     2.000     0.000     0.000     0.000     2.000     1.000     1.801     1.190    -0.029     0.093
    11.000     8.000     5.000     6.000     2.000     3.000     4.000     9.000     9.000     5.066     1.190     0.037     0.093
    16.000     4.000     1.000     0.000     1.000         *     0.000     0.000     0.000     1.961     1.222    -0.065     0.093
    13.000     5.000     1.000     4.000     1.000     1.000     3.000         *     1.000     3.092     1.191    -0.066     0.098
    19.000    17.000     5.000    11.000         *    13.000    11.000    10.000     6.000    10.244     1.250    -0.129     0.093
    13.000     3.000     0.000     3.000     6.000     4.000     3.000         *         *     3.150     1.203     0.000     0.119
     8.000     8.000     3.000     3.000     4.000     4.000     2.000     2.000     1.000     4.359     1.190    -0.109     0.093
    12.000    10.000    11.000     7.000     6.000     2.000     0.000     4.000     6.000     7.534     1.190    -0.182     0.093
     9.000     8.000     6.000     4.000     8.000     6.000     4.000     5.000     4.000     6.115     1.190    -0.089     0.093
     8.000     8.000     0.000     0.000     2.000     5.000     1.000     4.000         *     2.558     1.202     0.008     0.108
    13.000     4.000         *     2.000         *     3.000     0.000     2.000     5.000     3.121     1.456    -0.016     0.099
    17.000     6.000     6.000     6.000     2.000     1.000     1.000     3.000     2.000     5.096     1.190    -0.142     0.093
    13.000     6.000     2.000     0.000    14.000     4.000    15.000         *     4.000     5.115     1.191     0.029     0.098
    11.000     8.000     0.000     0.000     0.000     0.000     0.000     0.000     3.000     1.785     1.190    -0.027     0.093
     9.000     7.000     5.000     9.000     5.000     0.000         *     6.000     3.000     6.008     1.203    -0.114     0.093
    13.000     0.000     0.000     0.000     0.000     0.000     0.000     0.000     1.000     0.726     1.190     0.000     0.093
    14.000         *         *    10.000     5.000     0.000     3.000     4.000     1.000     6.551     1.509    -0.194     0.103
     8.000     4.000     0.000     5.000     1.000     0.000     5.000     6.000         *     2.733     1.202     0.033     0.108
    13.000     3.000     1.000     2.000     1.000     1.000     0.000     0.000     1.000     2.141     1.190    -0.058     0.093
    14.000    11.000     9.000     6.000     4.000         *     2.000     0.000     0.000     7.337     1.222    -0.276     0.093
    16.000     0.000     0.000     0.000     0.000     0.000     2.000     0.000     8.000     0.562     1.190     0.111     0.093
     5.000     4.000     4.000     4.000     0.000     0.000     2.000     0.000     0.000     3.321     1.190    -0.120     0.093
    14.000     2.000     1.000     0.000     2.000     2.000     0.000     0.000     0.000     1.814     1.190    -0.051     0.093
     8.000     4.000     3.000     3.000     1.000     2.000     0.000         *         *     3.045     1.203    -0.074     0.119
    12.000     7.000     9.000    10.000     9.000     6.000     8.000    10.000     3.000     8.673     1.190    -0.140     0.093
    15.000    11.000     1.000     0.000         *     0.000    10.000     0.000     0.000     3.689     1.250    -0.094     0.093
    17.000    16.000    11.000     5.000     5.000     4.000     3.000     3.000     4.000     8.369     1.190    -0.241     0.093
    16.000         *     5.000     0.000     0.000     3.000     4.000     2.000     5.000     2.856     1.285     0.007     0.096
    10.000    11.000     6.000     6.000         *     9.000         *     6.000     9.000     7.115     1.268    -0.033     0.094
    10.000    10.000     1.000     0.000         *     3.000     2.000     5.000     0.000     3.292     1.250    -0.055     0.093
    13.000     7.000     1.000     6.000     7.000     7.000    12.000         *     4.000     5.609     1.191    -0.014     0.098
    10.000     0.000     1.000     0.000     0.000     0.000     4.000         *     2.000     1.111     1.191     0.035     0.098
    11.000     0.000         *     1.000     0.000     0.000     1.000     1.000     0.000     1.381     1.362    -0.027     0.098
    13.000    10.000         *         *    13.000     5.000     3.000     7.000     2.000     8.682     1.590    -0.208     0.104
    11.000     3.000     1.000     1.000     4.000     9.000     5.000     1.000         *     3.192     1.202     0.006     0.108
    19.000     9.000     3.000     3.000    11.000     3.000     4.000     1.000     6.000     5.437     1.190    -0.079     0.093
    14.000    10.000     7.000     1.000    13.000     5.000         *    10.000     3.000     6.828     1.203    -0.070     0.093
    16.000     5.000     1.000     1.000     0.000     1.000     4.000     5.000     2.000     2.333     1.190     0.012     0.093
    14.000    11.000         *     7.000     4.000         *     4.000     0.000    12.000     6.534     1.413    -0.062     0.098
    15.000     3.000     0.000     0.000     1.000     0.000     0.000     2.000     1.000     1.362     1.190    -0.009     0.093
    13.000     2.000         *     3.000     4.000     3.000    12.000     3.000     8.000     3.980     1.362     0.064     0.098
    11.000     4.000     3.000     3.000     4.000     0.000     1.000         *     8.000     3.062     1.191     0.039     0.098
    13.000     5.000     7.000     7.000     4.000     8.000     4.000         *         *     6.384     1.203    -0.107     0.119
    12.000     2.000     1.000     0.000     9.000     6.000    11.000     4.000     7.000     3.381     1.190     0.108     0.093
    12.000    12.000         *         *     0.000     3.000     0.000     0.000     0.000     5.157     1.590    -0.207     0.104
    10.000     0.000     0.000     0.000     6.000         *         *    11.000    11.000     1.702     1.239     0.258     0.093
    16.000     8.000    12.000     5.000    11.000     3.000     3.000     7.000     3.000     8.195     1.190    -0.189     0.093
    18.000     1.000     0.000     0.000     0.000     2.000     0.000     0.000     0.000     1.216     1.190    -0.029     0.093
    12.000    11.000     7.000     0.000     0.000     0.000         *         *         *     4.352     1.212    -0.144     0.122
    17.000     1.000     2.000     1.000    10.000     0.000         *         *         *     3.154     1.212    -0.018     0.122
    12.000     0.000     0.000     0.000     1.000     1.000     2.000     2.000     3.000     0.961     1.190     0.054     0.093
     9.000         *     2.000     2.000     5.000     5.000     2.000     2.000     4.000     3.252     1.285    -0.009     0.096
     6.000     7.000     6.000     6.000     2.000     5.000     3.000     2.000     3.000     5.457     1.190    -0.125     0.093
    14.000    14.000    12.000     8.000     9.000     6.000     7.000     5.000    10.000     9.653     1.190    -0.154     0.093
     7.000     0.000         *         *     7.000     1.000     4.000     7.000     3.000     3.636     1.590     0.012     0.104
    12.000     2.000     1.000     0.000     0.000     0.000     0.000     0.000    12.000     0.741     1.190     0.144     0.093
    13.000     1.000     1.000     2.000     1.000     0.000     1.000     0.000         *     1.815     1.202    -0.044     0.108
    14.000     1.000     1.000     2.000     7.000         *     7.000     5.000     3.000     3.226     1.222     0.036     0.093
    11.000     8.000     5.000     6.000         *     7.000     6.000     2.000     2.000     6.308     1.250    -0.144     0.093
    15.000    13.000     7.000     2.000     3.000     2.000     0.000     8.000     3.000     5.572     1.190    -0.107     0.093
    10.000     8.000     6.000     3.000     1.000     0.000     0.000     0.000     0.000     4.334     1.190    -0.179     0.093
     9.000     5.000     2.000     0.000     0.000    10.000     5.000     3.000     0.000     3.209     1.190    -0.028     0.093
    16.000    12.000    13.000    13.000     9.000     1.000     4.000    12.000     4.000    10.537     1.190    -0.239     0.093
    16.000     9.000     8.000     6.000     9.000     7.000     9.000     8.000     5.000     7.882     1.190    -0.092     0.093
    11.000         *     7.000     8.000     9.000     8.000     9.000     8.000     6.000     7.858     1.285    -0.070     0.096
     9.000     4.000     0.000     2.000     0.000     2.000     3.000     4.000     2.000     2.049     1.190     0.017     0.093
    13.000    10.000     9.000     6.000    11.000     9.000    11.000     6.000     4.000     8.836     1.190    -0.144     0.093
     9.000         *     1.000     0.000     2.000     1.000     4.000     2.000         *     1.700     1.299     0.023     0.111
     7.000     1.000     0.000     0.000    10.000         *    11.000     2.000     1.000     3.006     1.222     0.017     0.093
    12.000    11.000     9.000     8.000         *     7.000     6.000     6.000     5.000     8.462     1.250    -0.158     0.093
    15.000     6.000     3.000     0.000     0.000     1.000     0.000     0.000         *     2.582     1.202    -0.095     0.108
    11.000         *         *     2.000     1.000     1.000     7.000     2.000     1.000     2.995     1.509    -0.039     0.103
    13.000         *         *     9.000         *     3.000     3.000     5.000     9.000     6.353     1.642    -0.053     0.105
    10.000         *    10.000     4.000     3.000         *     2.000     1.000         *     6.022     1.335    -0.189     0.111
    15.000         *     3.000     5.000    11.000     8.000     9.000     6.000     5.000     6.242     1.285    -0.025     0.096
    14.000     8.000     3.000     2.000     2.000     1.000     6.000     3.000     1.000     3.917     1.190    -0.078     0.093
    15.000    14.000    13.000     6.000     8.000     5.000         *         *         *     9.514     1.212    -0.240     0.122
    10.000     0.000     0.000     1.000     0.000     2.000     0.000     1.000     1.000     1.099     1.190     0.003     0.093
     9.000     1.000         *     5.000         *     0.000         *     3.000     1.000     3.405     1.487    -0.067     0.099
    14.000     9.000     6.000     2.000    10.000    13.000     4.000     2.000    10.000     6.517     1.190    -0.023     0.093
    15.000     1.000     1.000         *     2.000     0.000     0.000     4.000     2.000     1.873     1.332     0.006     0.096
    11.000         *     6.000     0.000     3.000     0.000     0.000     0.000     1.000     3.115     1.285    -0.104     0.096
    10.000         *     4.000     2.000     6.000     6.000     2.000         *     2.000     4.274     1.285    -0.065     0.100
    14.000     7.000     4.000     6.000         *         *         *     5.000     3.000     5.590     1.314    -0.086     0.094
    17.000     9.000    12.000     8.000     4.000     7.000     6.000    10.000     8.000     8.466     1.190    -0.088     0.093
    14.000     6.000     5.000     5.000     3.000     3.000     4.000     3.000     3.000     4.975     1.190    -0.095     0.093
    15.000         *     1.000     0.000         *     1.000     1.000     0.000     2.000     1.562     1.361    -0.013     0.097
    12.000         *         *     3.000    11.000     7.000     2.000     0.000     6.000     5.723     1.509    -0.091     0.103
    11.000         *     6.000     2.000         *     5.000     6.000     4.000     5.000     4.680     1.361    -0.022     0.097
    11.000    14.000     5.000     1.000         *     1.000     0.000     3.000     0.000     5.025     1.250    -0.174     0.093
    12.000     5.000     0.000     5.000     2.000     2.000     4.000     0.000     0.000     3.365     1.190    -0.097     0.093
    15.000     5.000     3.000    10.000         *     6.000     6.000         *         *     6.216     1.258    -0.080     0.119
    13.000     9.000     7.000     4.000         *         *         *     1.000     4.000     6.140     1.314    -0.141     0.094
    14.000    11.000    11.000     8.000     2.000     9.000     5.000     0.000     2.000     8.534     1.190    -0.273     0.093
    14.000     0.000         *     1.000     0.000     0.000     1.000     1.000     0.000     1.461     1.362    -0.032     0.098
    12.000     2.000    10.000     5.000     8.000     8.000     5.000     7.000     6.000     6.731     1.190    -0.052     0.093
    15.000     5.000     3.000    10.000     5.000     5.000    15.000     6.000     3.000     6.586     1.190    -0.059     0.093
    13.000    11.000         *     8.000     7.000     6.000     3.000     3.000     0.000     7.971     1.362    -0.254     0.098
    10.000     5.000     3.000     3.000     4.000     5.000    10.000     6.000     6.000     4.270     1.190     0.051     0.093
    10.000     7.000     7.000     4.000     8.000     5.000     6.000     8.000     3.000     6.330     1.190    -0.075     0.093
    13.000         *     9.000     6.000     0.000     0.000     2.000     0.000     0.000     5.461     1.285    -0.219     0.096
    13.000     4.000         *     0.000     0.000     4.000     7.000     2.000    12.000     2.242     1.362     0.150     0.098
    12.000         *         *     5.000     5.000         *     6.000     4.000     8.000     5.229     1.582    -0.003     0.103
    16.000    10.000         *     4.000     3.000     2.000     4.000         *         *     5.340     1.375    -0.132     0.123
     7.000     3.000     0.000     0.000         *         *     9.000     3.000    17.000     1.629     1.291     0.277     0.093
    10.000     3.000     3.000     3.000     6.000    10.000    10.000     9.000         *     4.670     1.202     0.109     0.108
    16.000     5.000     3.000     2.000     2.000         *         *     4.000     3.000     3.479     1.239    -0.025     0.093
     8.000     9.000     5.000     2.000         *     2.000     4.000         *         *     4.669     1.258    -0.095     0.119
    14.000     6.000     1.000     0.000     0.000         *         *     0.000     0.000     2.175     1.239    -0.070     0.093
    12.000     3.000     8.000     7.000     3.000     1.000     2.000     2.000     0.000     5.588     1.190    -0.190     0.093
    11.000     4.000     8.000     8.000     2.000    11.000     6.000     9.000     6.000     6.746     1.190    -0.029     0.093
    12.000     3.000     4.000     2.000     9.000     2.000         *         *         *     4.194     1.212    -0.044     0.122
     8.000     4.000     4.000     6.000    10.000     6.000     3.000     4.000     3.000     5.699     1.190    -0.088     0.093
    15.000     0.000     2.000     0.000     4.000     0.000     3.000     2.000     1.000     2.005     1.190    -0.012     0.093
    10.000     9.000     9.000    10.000     4.000     5.000     8.000     4.000     9.000     7.843     1.190    -0.101     0.093
    13.000     0.000     0.000     0.000    10.000    15.000     2.000     0.000     4.000     3.453     1.190     0.021     0.093
     8.000     5.000     2.000     2.000     3.000     5.000     2.000     1.000     3.000     3.269     1.190    -0.039     0.093
    12.000     8.000     8.000     8.000     8.000     8.000     7.000     8.000     8.000     7.834     1.190    -0.056     0.093
    11.000     2.000         *     0.000     0.000     1.000     0.000     0.000     1.000     1.444     1.362    -0.030     0.098
     8.000     4.000     4.000     3.000     5.000         *    13.000    17.000     5.000     4.868     1.222     0.145     0.093
    14.000    11.000     9.000         *    11.000    10.000     9.000    11.000     9.000     9.587     1.332    -0.066     0.096
    13.000     3.000     0.000     0.000     0.000     0.000     4.000     2.000     1.000     1.407     1.190     0.008     0.093
    13.000     1.000     0.000     1.000     0.000         *     2.000    12.000     0.000     1.570     1.222     0.088     0.093
    15.000    10.000     7.000     4.000     0.000     3.000     3.000     0.000         *     5.513     1.202    -0.197     0.108
    11.000    14.000    13.000     8.000    16.000    11.000     3.000     2.000         *    11.339     1.202    -0.327     0.108
    13.000     7.000     0.000     0.000     0.000     0.000         *     0.000     0.000     1.881     1.203    -0.065     0.093
    14.000     1.000     1.000     1.000     0.000     0.000         *         *     0.000     1.510     1.204    -0.035     0.099
    11.000     7.000     5.000     5.000     4.000     3.000     4.000     3.000         *     5.216     1.202    -0.109     0.108
    11.000     6.000     5.000     1.000     0.000     0.000     0.000     2.000     3.000     3.052     1.190    -0.064     0.093
    11.000     3.000     0.000     0.000     0.000     4.000     2.000    14.000     1.000     1.710     1.190     0.120     0.093
     7.000         *         *         *     1.000     0.000     0.000     1.000     7.000     1.528     1.841     0.056     0.113
    12.000         *     0.000     3.000     2.000     0.000         *     1.000     0.000     2.133     1.302    -0.053     0.096
    16.000     4.000     7.000     9.000     4.000     0.000         *    10.000     1.000     6.229     1.203    -0.112     0.093
    14.000         *    11.000     3.000    11.000     8.000     4.000     4.000     0.000     8.045     1.285    -0.225     0.096
    14.000    11.000     6.000     3.000     5.000     4.000     8.000     6.000     0.000     6.255     1.190    -0.137     0.093
    13.000         *    12.000     8.000     8.000     7.000     9.000     8.000     9.000     9.011     1.285    -0.092     0.096
    10.000     0.000     0.000     0.000     0.000     0.000     0.000     0.000     0.000     0.713     1.190    -0.013     0.093
    13.000     6.000     3.000     0.000     0.000         *         *     7.000     0.000     2.906     1.239    -0.022     0.093
     5.000         *     1.000     2.000     0.000         *     1.000     0.000     0.000     1.793     1.326    -0.049     0.096
     7.000     6.000     6.000     0.000     2.000     9.000     5.000    10.000     3.000     4.442     1.190     0.025     0.093
    14.000     8.000         *     9.000     9.000     8.000     8.000     4.000     4.000     8.512     1.362    -0.171     0.098
    10.000         *     6.000     0.000     5.000    15.000     5.000     0.000     7.000     5.081     1.285    -0.014     0.096
     8.000     3.000     0.000     0.000     1.000     1.000     0.000     0.000     2.000     1.253     1.190    -0.005     0.093
    10.000     9.000     6.000     9.000     6.000     5.000     7.000         *     7.000     7.135     1.191    -0.078     0.098
     8.000     4.000         *         *         *     6.000     1.000     0.000     0.000     4.407     1.753    -0.139     0.107
    10.000     8.000     6.000     4.000     7.000     8.000     6.000     5.000     8.000     6.110     1.190    -0.018     0.093
    17.000     6.000         *    11.000     6.000         *     7.000     5.000    14.000     7.647     1.413    -0.001     0.098
    11.000     7.000     5.000     9.000     5.000     4.000     2.000     2.000     5.000     6.163     1.190    -0.131     0.093
    11.000     4.000     2.000     0.000     0.000     0.000     1.000     0.000     1.000     1.865     1.190    -0.050     0.093
    15.000     4.000     3.000     1.000     6.000     3.000         *     0.000         *     3.591     1.212    -0.081     0.109
    12.000     2.000         *         *     6.000     1.000     3.000     5.000         *     3.915     1.602    -0.028     0.118
    13.000     8.000     6.000     0.000     1.000     0.000     0.000     0.000     0.000     3.683     1.190    -0.153     0.093
     5.000     4.000     2.000     0.000     0.000     0.000     0.000     0.000     0.000     1.735     1.190    -0.062     0.093
    17.000     7.000     3.000     3.000     4.000    11.000     3.000     3.000     2.000     5.071     1.190    -0.082     0.093
    12.000     9.000     4.000     5.000     2.000     3.000     5.000    13.000     4.000     5.055     1.190     0.014     0.093
    14.000     5.000     3.000     1.000     2.000     2.000     0.000     2.000     0.000     3.039     1.190    -0.088     0.093
    13.000     4.000     1.000     1.000     1.000     0.000     2.000     1.000     0.000     2.122     1.190    -0.056     0.093
    17.000     5.000     2.000     1.000     3.000         *     3.000     3.000     1.000     3.162     1.222    -0.049     0.093
    11.000         *    10.000     1.000     1.000     2.000         *     0.000     0.000     4.756     1.302    -0.175     0.096
    18.000    13.000     4.000     0.000     1.000     0.000     0.000     0.000     0.000     4.006     1.190    -0.171     0.093
    11.000         *     6.000     5.000     4.000     1.000     0.000         *         *     4.771     1.299    -0.143     0.122
     9.000     3.000     4.000     6.000         *     6.000    11.000    10.000     3.000     5.451     1.250     0.015     0.093
    13.000     6.000     4.000     1.000     6.000     7.000     2.000     4.000     0.000     4.562     1.190    -0.094     0.093
    11.000     5.000     4.000     1.000         *     0.000     0.000         *         *     3.075     1.258    -0.091     0.119
    10.000     2.000     0.000     1.000     7.000     6.000     6.000     6.000     2.000     3.025     1.190     0.046     0.093
    10.000     0.000     0.000     0.000     0.000     0.000     2.000     0.000     2.000     0.727     1.190     0.024     0.093
    14.000     7.000     4.000     3.000     0.000     5.000     6.000     7.000    10.000     3.974     1.190     0.093     0.093
    13.000     9.000     0.000     0.000     7.000         *     7.000         *         *     3.630     1.230     0.012     0.120
    12.000     3.000     0.000     2.000     0.000     5.000     1.000     3.000     3.000     2.082     1.190     0.022     0.093
    10.000         *         *     2.000     0.000     2.000     0.000     1.000     2.000     2.155     1.509    -0.033     0.103
    13.000    11.000     7.000     8.000     8.000     5.000     8.000     8.000         *     7.934     1.202    -0.105     0.108
    12.000     5.000     0.000     3.000     6.000     2.000     0.000     1.000     1.000     3.164     1.190    -0.077     0.093
    14.000         *         *     1.000     2.000     1.000     2.000     2.000         *     2.408     1.526    -0.028     0.118
    10.000     1.000         *     1.000     0.000     0.000     0.000     0.000     0.000     1.459     1.362    -0.047     0.098
    11.000     4.000     5.000     3.000     1.000     5.000     5.000         *    12.000     3.703     1.191     0.120     0.098
    13.000     2.000     1.000     0.000     1.000     4.000         *     1.000     0.000     1.942     1.203    -0.031     0.093
    15.000         *     2.000     2.000     0.000     0.000     0.000     1.000     2.000     2.024     1.285    -0.037     0.096
    14.000    11.000     4.000         *     1.000     0.000     0.000     0.000     0.000     4.575     1.332    -0.192     0.096
    11.000     9.000     7.000     6.000     2.000     1.000     2.000     1.000     0.000     5.824     1.190    -0.218     0.093
    17.000     3.000     0.000     5.000     4.000     6.000     3.000     2.000     5.000     3.533     1.190     0.001     0.093
    10.000     7.000         *         *         *    16.000    14.000     1.000     0.000     9.735     1.753    -0.242     0.107
    10.000     5.000     4.000     2.000     0.000     0.000     5.000     3.000     4.000     3.089     1.190    -0.013     0.093
     2.000         *     1.000         *         *    15.000     1.000     2.000     1.000     4.482     1.592    -0.065     0.103
    12.000    10.000    12.000     6.000     4.000         *     2.000     4.000     0.000     8.038     1.222    -0.264     0.093
    13.000     0.000     5.000     0.000     0.000     0.000    11.000     1.000     0.000     2.700     1.190    -0.035     0.093
     8.000     1.000         *     0.000     0.000     0.000     0.000     9.000         *     1.031     1.375     0.110     0.112
    18.000     0.000     1.000     1.000     0.000     2.000    16.000     2.000     0.000     2.457     1.190     0.024     0.093
    14.000    10.000         *    12.000     3.000     6.000    10.000     2.000     7.000     8.482     1.362    -0.163     0.098
    17.000     9.000    11.000    10.000    15.000    11.000     5.000     4.000     3.000    10.675     1.190    -0.271     0.093
    14.000    14.000     9.000     8.000     3.000     5.000     7.000     6.000     6.000     8.165     1.190    -0.149     0.093
    15.000     5.000     2.000     2.000     3.000     3.000     2.000     0.000     0.000     3.359     1.190    -0.104     0.093
    15.000     7.000     4.000     1.000    11.000     8.000    14.000    13.000         *     5.786     1.202     0.145     0.108
     7.000         *         *     8.000    11.000     6.000     3.000    13.000    16.000     7.059     1.509     0.114     0.103
     9.000     7.000     3.000     1.000     2.000     1.000         *     5.000     9.000     2.943     1.203     0.082     0.093
     9.000     0.000     0.000     0.000     0.000     2.000     1.000     1.000    10.000     0.464     1.190     0.156     0.093
    15.000    13.000    10.000    13.000     2.000     5.000    10.000    16.000     2.000     9.771     1.190    -0.159     0.093
    18.000         *     6.000     4.000     6.000     2.000     0.000     3.000     0.000     5.163     1.285    -0.163     0.096
    11.000         *     0.000     0.000     2.000     4.000     7.000         *     7.000     1.735     1.285     0.136     0.100
    13.000    12.000     9.000    14.000     8.000         *    11.000     9.000     2.000    10.714     1.222    -0.231     0.093
    11.000         *     7.000     8.000    15.000     7.000     6.000     1.000     2.000     8.641     1.285    -0.233     0.096
    20.000         *     4.000     5.000     6.000     0.000     8.000     2.000     3.000     5.000     1.285    -0.090     0.096
    13.000         *     7.000     6.000     5.000     4.000     6.000     3.000     3.000     6.201     1.285    -0.130     0.096
     6.000         *     0.000     0.000     1.000     0.000     0.000     1.000     0.000     0.905     1.285    -0.009     0.096
     3.000         *     2.000     2.000     2.000     2.000     0.000     2.000     1.000     2.337     1.285    -0.038     0.096
     6.000         *     3.000     2.000     1.000     1.000     1.000     1.000     1.000     2.503     1.285    -0.058     0.096
    19.000         *    13.000    13.000     0.000     7.000     0.000     3.000     6.000     9.127     1.285    -0.254     0.096
    14.000         *     8.000     0.000     2.000    13.000     8.000     0.000    16.000     4.810     1.285     0.116     0.096
    11.000         *         *     7.000     0.000     0.000     0.000     8.000     6.000     3.689     1.509     0.013     0.103
     9.000         *    10.000     8.000     9.000     8.000     2.000     1.000     2.000     8.428     1.285    -0.257     0.096
    10.000         *     3.000     6.000     3.000     6.000     3.000     4.000     6.000     4.466     1.285    -0.011     0.096
    16.000         *     8.000     6.000     7.000     9.000         *     7.000     8.000     7.267     1.302    -0.041     0.096
    10.000         *     1.000     0.000     1.000     1.000     1.000     1.000     0.000     1.484     1.285    -0.026     0.096
    12.000     4.000     4.000     4.000     4.000     3.000     2.000     2.000         *     4.198     1.202    -0.090     0.108
    13.000         *     2.000     2.000     0.000    13.000     0.000     1.000         *     3.394     1.299    -0.033     0.111
    11.000         *    10.000    12.000     5.000         *     2.000     4.000     1.000     8.858     1.326    -0.276     0.096
     6.000     2.000     0.000     0.000     0.000     0.000     0.000         *     0.000     0.934     1.191    -0.017     0.098
    13.000    13.000     9.000    12.000    10.000    10.000     4.000     3.000     8.000    10.076     1.190    -0.210     0.093
    15.000     7.000     5.000     6.000         *     2.000     4.000     0.000     0.000     5.605     1.250    -0.194     0.093
     9.000     5.000     8.000     6.000     4.000     5.000     7.000     7.000     3.000     6.263     1.190    -0.085     0.093
    11.000     5.000     6.000     3.000         *         *     6.000     5.000    10.000     4.843     1.291     0.050     0.093
    15.000     1.000     1.000     0.000     0.000     0.000     0.000     0.000     1.000     1.180     1.190    -0.022     0.093
     7.000     5.000     3.000         *         *     6.000    10.000     3.000     0.000     5.079     1.420    -0.087     0.097
    11.000     1.000         *     2.000     0.000         *     3.000     2.000     2.000     2.223     1.413    -0.009     0.098
    12.000     4.000     3.000     0.000     0.000     0.000     0.000     0.000     0.000     2.141     1.190    -0.081     0.093
    16.000     6.000     3.000     2.000     0.000     1.000         *     0.000     0.000     3.191     1.203    -0.115     0.093
    14.000    12.000     9.000     6.000     5.000     6.000     4.000     5.000     5.000     7.630     1.190    -0.155     0.093
    14.000     3.000     1.000     0.000     1.000     2.000     1.000     3.000     2.000     1.807     1.190     0.008     0.093
    11.000     8.000         *     5.000     9.000     5.000     2.000     4.000         *     6.387     1.375    -0.134     0.112
    13.000     1.000     0.000     1.000     1.000     0.000     1.000     2.000    14.000     0.691     1.190     0.202     0.093
    15.000     1.000     0.000     1.000     0.000     3.000     1.000     4.000     4.000     1.375     1.190     0.068     0.093
    12.000    10.000     3.000         *    13.000     9.000     3.000     0.000         *     7.248     1.343    -0.182     0.111
    17.000     2.000     2.000     0.000     6.000     1.000     0.000     0.000     0.000     2.578     1.190    -0.080     0.093
    12.000     3.000     1.000     1.000     0.000     1.000     0.000     1.000         *     1.761     1.202    -0.036     0.108
    15.000     4.000     3.000     4.000     5.000     1.000     1.000     1.000     0.000     3.977     1.190    -0.129     0.093
    10.000    12.000     9.000     6.000     7.000     3.000     5.000     4.000     3.000     7.676     1.190    -0.196     0.093
    15.000     6.000     4.000     4.000     3.000     3.000     3.000     3.000     3.000     4.440     1.190    -0.077     0.093
     6.000     3.000     4.000     3.000     0.000     2.000         *     0.000         *     3.100     1.212    -0.088     0.109
    15.000     0.000     0.000     0.000     0.000     0.000         *         *         *     0.821     1.212     0.012     0.122
    13.000     2.000     5.000     4.000     6.000    13.000         *     1.000     0.000     5.605     1.203    -0.128     0.093
     6.000     6.000     6.000     7.000     6.000     4.000     2.000     4.000     7.000     5.750     1.190    -0.063     0.093
    13.000     6.000     7.000     7.000     9.000     7.000     8.000     7.000     1.000     7.478     1.190    -0.139     0.093
    17.000     5.000     4.000     0.000     3.000     1.000     0.000         *     3.000     3.021     1.191    -0.050     0.098
     5.000     1.000     0.000     0.000     0.000     0.000         *     0.000     0.000     0.796     1.203    -0.013     0.093
    13.000     1.000     0.000     1.000     1.000     2.000     0.000     2.000     0.000     1.497     1.190    -0.017     0.093
    14.000     6.000     8.000     7.000     8.000     5.000     3.000     9.000     1.000     7.175     1.190    -0.145     0.093
    12.000     7.000     5.000    14.000     8.000     9.000    10.000    15.000    12.000     8.431     1.190     0.066     0.093
     2.000     2.000     2.000     0.000     0.000     0.000         *     6.000         *     1.389     1.212     0.067     0.109
    13.000     9.000         *         *     9.000     0.000     2.000     2.000     1.000     6.300     1.590    -0.202     0.104
    15.000     9.000     5.000     4.000     4.000     2.000     2.000     2.000     0.000     5.273     1.190    -0.175     0.093
    12.000     7.000     6.000     0.000     6.000     0.000     0.000     0.000     0.000     4.181     1.190    -0.161     0.093
    10.000    10.000    10.000     5.000     6.000     2.000     4.000     2.000     1.000     7.202     1.190    -0.233     0.093
    15.000     9.000     3.000     3.000     1.000     1.000     1.000     0.000     0.000     3.946     1.190    -0.152     0.093
     9.000     4.000     2.000     1.000     1.000     0.000     0.000     0.000     0.000     2.188     1.190    -0.079     0.093
    15.000         *         *     5.000     1.000     0.000     0.000     3.000     0.000     3.543     1.509    -0.109     0.103
     9.000     9.000     5.000     3.000     1.000     0.000         *     0.000     0.000     4.328     1.203    -0.167     0.093
    14.000         *     6.000     6.000     2.000     1.000    12.000     7.000    14.000     4.950     1.285     0.125     0.096
    16.000         *         *         *    12.000     3.000     1.000     1.000     0.000     7.008     1.841    -0.240     0.113
    10.000         *     3.000     0.000     3.000     1.000     3.000         *         *     2.440     1.299    -0.016     0.122
    10.000         *     2.000         *     1.000     1.000     1.000    14.000     8.000     2.247     1.469     0.175     0.101
     7.000         *     4.000     2.000     1.000     3.000     0.000     2.000     0.000     3.054     1.285    -0.084     0.096
    18.000         *     3.000     0.000     2.000     0.000     3.000     2.000     3.000     2.310     1.285    -0.007     0.096
    14.000         *     1.000     3.000     3.000     0.000     1.000         *     3.000     2.461     1.285    -0.018     0.100
    13.000         *     2.000     1.000     0.000     0.000     0.000         *     0.000     1.804     1.285    -0.056     0.100
    13.000         *    10.000     6.000     6.000     2.000    12.000     2.000     3.000     7.435     1.285    -0.171     0.096
     7.000         *     4.000     2.000     6.000     3.000     7.000         *     3.000     4.145     1.285    -0.026     0.100
     7.000         *     0.000     0.000     0.000     1.000         *     1.000     3.000     0.811     1.302     0.044     0.096
    12.000         *     6.000     4.000     6.000         *     3.000     3.000     1.000     5.407     1.326    -0.134     0.096
    16.000         *    15.000     7.000     1.000     4.000    16.000    15.000     6.000     8.975     1.285    -0.057     0.096
    10.000         *     9.000     9.000     7.000     8.000         *     8.000         *     8.300     1.311    -0.111     0.112
    13.000         *    12.000    10.000     9.000     7.000         *         *     6.000     9.773     1.303    -0.186     0.101
    10.000         *     3.000     2.000     3.000     4.000     8.000     4.000     5.000     3.513     1.285     0.035     0.096
    15.000         *     5.000    15.000     4.000     9.000    13.000         *    12.000     8.552     1.285     0.002     0.100
    11.000         *     1.000     0.000     0.000     2.000     1.000     1.000     0.000     1.463     1.285    -0.024     0.096
    10.000         *     0.000     0.000     0.000     0.000     1.000     0.000     0.000     0.900     1.285    -0.016     0.096
    11.000         *     3.000     5.000     3.000         *    12.000     2.000     0.000     4.885     1.326    -0.091     0.096
    10.000         *     4.000     1.000     0.000     0.000     0.000     0.000     0.000     2.340     1.285    -0.088     0.096
    13.000         *     9.000     5.000     3.000     6.000     5.000     4.000     6.000     6.231     1.285    -0.084     0.096
    13.000         *     2.000     3.000     1.000     6.000     3.000     0.000     0.000     3.372     1.285    -0.088     0.096
    11.000         *     9.000     4.000     3.000     3.000     0.000     0.000     0.000     5.533     1.285    -0.213     0.096
    14.000         *     1.000     1.000     0.000     2.000     1.000     0.000     0.000     1.802     1.285    -0.049     0.096
    13.000    13.000     6.000     6.000     3.000     3.000     5.000         *     4.000     6.514     1.191    -0.141     0.098
    11.000         *     7.000     7.000     0.000     6.000     0.000     0.000     4.000     5.402     1.285    -0.145     0.096
     8.000         *     3.000     2.000     3.000     2.000     2.000     2.000     0.000     3.102     1.285    -0.074     0.096
    12.000         *    10.000     7.000     7.000     7.000     8.000     7.000     5.000     8.081     1.285    -0.120     0.096
    10.000         *    10.000     6.000     6.000    10.000    10.000         *     2.000     8.210     1.285    -0.162     0.100
    15.000         *     0.000     0.000     0.000     0.000     3.000     0.000     7.000     0.774     1.285     0.093     0.096
    14.000         *     0.000     0.000     0.000     0.000     0.000     7.000     0.000     0.993     1.285     0.042     0.096
    11.000         *     5.000     6.000     5.000     3.000     2.000     9.000     3.000     5.222     1.285    -0.051     0.096
    15.000         *     9.000     5.000     2.000     2.000     0.000     2.000     2.000     5.548     1.285    -0.174     0.096
    14.000         *     0.000     0.000     0.000     5.000         *     0.000         *     1.505     1.311     0.001     0.112
    16.000         *    10.000    15.000     7.000     1.000     2.000         *     0.000     9.569     1.285    -0.346     0.100
    11.000         *     0.000     6.000     7.000     8.000         *     8.000         *     4.605     1.311     0.053     0.112
    12.000         *     1.000     8.000     2.000     6.000     7.000     2.000     0.000     4.861     1.285    -0.108     0.096
     6.000         *     2.000     0.000         *     0.000     0.000     1.000     5.000     1.341     1.361     0.039     0.097
     9.000         *     4.000     3.000     7.000     3.000     5.000     3.000     4.000     4.436     1.285    -0.041     0.096
    15.000         *     6.000     0.000     2.000     2.000     7.000     4.000     4.000     3.607     1.285    -0.004     0.096
    11.000         *     2.000     4.000     0.000     0.000         *     0.000     0.000     2.683     1.302    -0.093     0.096
    11.000         *         *     4.000     0.000     0.000     0.000     1.000     7.000     2.326     1.509     0.018     0.103
    14.000         *     1.000     0.000     0.000     0.000     0.000     0.000     0.000     1.237     1.285    -0.038     0.096
    14.000         *    14.000    13.000    12.000     4.000     3.000     3.000     5.000    11.104     1.285    -0.323     0.096
    13.000         *     4.000     3.000     2.000     2.000     3.000     0.000     0.000     3.696     1.285    -0.119     0.096
    10.000         *     3.000     0.000     0.000     2.000     0.000     0.000     0.000     1.979     1.285    -0.063     0.096
    10.000         *     1.000     0.000     0.000     0.000     1.000     0.000     0.000     1.207     1.285    -0.031     0.096
     9.000         *     3.000     5.000     0.000     0.000     0.000     0.000         *     3.100     1.299    -0.115     0.111
    13.000         *     1.000     0.000     0.000     0.000     0.000     4.000         *     1.148     1.299     0.031     0.111
    15.000         *     7.000     6.000     3.000     4.000     3.000     4.000     8.000     5.482     1.285    -0.042     0.096
     8.000         *     2.000     3.000     2.000     3.000     4.000         *    12.000     2.545     1.285     0.158     0.100
     8.000         *     4.000     1.000     2.000     2.000     0.000     9.000     1.000     2.855     1.285     0.005     0.096
    17.000         *    17.000    13.000     9.000    11.000    14.000    10.000     3.000    13.293     1.285    -0.299     0.096
    17.000         *     4.000     0.000     0.000     0.000         *     0.000     3.000     2.184     1.302    -0.033     0.096
    14.000         *     0.000     0.000     0.000     4.000     0.000         *     0.000     1.386     1.285    -0.016     0.100
     7.000         *     0.000     0.000     0.000     0.000     1.000     1.000     0.000     0.838     1.285    -0.003     0.096
     9.000         *     0.000     0.000     0.000     2.000     2.000     0.000     2.000     1.057     1.285     0.018     0.096
    11.000         *     3.000     0.000     0.000     0.000     1.000     0.000     0.000     1.844     1.285    -0.061     0.096
    10.000         *     0.000     1.000     6.000     0.000     0.000     4.000     0.000     2.086     1.285    -0.020     0.096
    14.000         *     6.000     3.000     7.000     4.000         *     0.000     0.000     5.357     1.302    -0.172     0.096
    10.000         *    12.000    10.000     6.000     6.000     5.000     6.000    10.000     8.738     1.285    -0.115     0.096
    10.000         *     1.000     0.000     0.000     0.000     0.000     0.000     0.000     1.142     1.285    -0.033     0.096
     9.000         *     7.000     3.000     3.000     9.000     5.000         *         *     5.408     1.299    -0.054     0.122
    14.000         *     2.000     0.000     0.000     0.000     0.000     0.000     0.000     1.544     1.285    -0.053     0.096
    14.000         *    12.000    12.000    11.000     8.000     4.000     8.000     6.000    10.560     1.285    -0.215     0.096
     9.000         *     3.000     0.000     2.000     1.000     0.000     4.000     4.000     1.978     1.285     0.031     0.096
    15.000         *     0.000     8.000     0.000    13.000     1.000     0.000     0.000     4.686     1.285    -0.127     0.096
    10.000         *         *     3.000         *     5.000     5.000     0.000     6.000     4.073     1.642    -0.026     0.105
    18.000         *    12.000     0.000     0.000    11.000     0.000     0.000     0.000     5.935     1.285    -0.209     0.096
     6.000         *     5.000     6.000     0.000     0.000     1.000     0.000     0.000     4.002     1.285    -0.155     0.096
    12.000         *     4.000     2.000     2.000     0.000     0.000     0.000     0.000     2.977     1.285    -0.112     0.096
    10.000         *     5.000     7.000     4.000     5.000     3.000     3.000     2.000     5.607     1.285    -0.128     0.096
    12.000         *     8.000     8.000     0.000     2.000         *     5.000     4.000     5.904     1.302    -0.112     0.096
    11.000         *     1.000     5.000     1.000     0.000     0.000     0.000     0.000     2.708     1.285    -0.099     0.096
    13.000         *     0.000     0.000     0.000     0.000     0.000     0.000     0.000     0.906     1.285    -0.023     0.096
    13.000         *     2.000     3.000     7.000     4.000         *         *     1.000     4.072     1.303    -0.071     0.101
    14.000         *     2.000     0.000     3.000     0.000     0.000     0.000    10.000     1.477     1.285     0.092     0.096
     7.000         *     0.000     0.000     0.000     0.000     0.000     0.000     0.000     0.764     1.285    -0.015     0.096
    15.000         *     5.000     2.000     5.000     2.000     2.000     0.000     5.000     3.909     1.285    -0.061     0.096
    12.000         *     0.000     2.000     0.000     1.000     0.000     0.000     1.000     1.495     1.285    -0.030     0.096
     7.000         *     2.000     0.000     0.000     2.000     2.000     2.000         *     1.650     1.299     0.008     0.111
    15.000         *     6.000     0.000     2.000     0.000     0.000         *     0.000     3.118     1.285    -0.110     0.100
     8.000         *     0.000     0.000     0.000     0.000     0.000     0.000     0.000     0.788     1.285    -0.016     0.096
    16.000         *     2.000     2.000     1.000     0.000    17.000         *    11.000     2.873     1.285     0.192     0.100
    10.000         *         *     5.000     2.000     6.000     4.000     0.000     2.000     4.739     1.509    -0.115     0.103
    13.000         *     2.000     2.000     0.000     0.000     4.000     0.000     0.000     2.334     1.285    -0.066     0.096
