     3.000     3.000     2.000     1.000     8.000     2.000     1.000     3.000     5.000     3.197     1.026     0.009     0.086
    10.000         *         *     4.000     1.000     4.000     2.000     4.000     8.000     4.687     1.378    -0.002     0.097
    10.000     4.000         *     2.000     0.000     8.000     5.000     2.000         *     4.766     1.183    -0.099     0.111
    13.000         *         *     6.000     8.000     9.000     7.000     7.000     5.000     8.717     1.378    -0.131     0.097
     9.000     1.000     4.000     6.000     8.000     3.000         *         *         *     5.012     1.051    -0.057     0.144
     2.000     7.000     3.000     2.000     2.000     0.000     0.000     6.000     0.000     3.959     1.026    -0.108     0.086
    13.000    11.000     8.000         *    11.000    11.000     7.000     6.000    12.000     9.967     1.123    -0.062     0.088
     9.000         *         *    11.000     5.000     4.000     4.000     8.000         *     8.373     1.405    -0.145     0.119
     6.000     8.000     3.000     1.000     4.000    10.000         *         *         *     5.232     1.051    -0.026     0.144
    10.000    10.000    12.000    10.000     3.000     2.000     8.000         *         *     9.589     1.049    -0.275     0.133
     8.000     4.000     8.000     3.000    11.000     0.000     6.000         *         *     6.232     1.049    -0.114     0.133
     3.000     4.000     5.000     7.000     2.000     2.000     2.000     2.000     1.000     5.001     1.026    -0.164     0.086
     6.000     7.000     2.000     6.000     6.000     3.000     5.000         *         *     5.519     1.049    -0.098     0.133
    19.000    12.000    13.000     7.000     8.000    11.000     7.000     5.000     3.000    11.604     1.026    -0.326     0.086
     7.000     5.000     3.000         *     4.000     0.000     0.000     0.000     4.000     4.238     1.123    -0.127     0.088
    15.000    13.000    13.000    12.000    12.000    16.000    15.000    11.000    16.000    12.900     1.026     0.015     0.086
     7.000     5.000     5.000     4.000     3.000     7.000         *     7.000     7.000     5.268     1.035     0.039     0.087
     9.000    14.000    10.000     8.000    11.000    13.000    13.000    19.000         *    10.747     1.044     0.178     0.108
     3.000     6.000     9.000     5.000     8.000     5.000         *         *         *     6.905     1.051    -0.097     0.144
     4.000     3.000     1.000     3.000     2.000     0.000     1.000         *     6.000     2.571     1.026     0.034     0.094
     7.000     7.000     4.000     5.000         *     5.000     5.000     3.000     5.000     5.872     1.066    -0.087     0.086
     8.000    10.000     8.000     8.000     7.000     4.000     5.000     4.000     6.000     8.290     1.026    -0.169     0.086
    11.000    14.000    11.000    10.000     7.000     5.000     8.000     8.000     6.000    10.831     1.026    -0.214     0.086
    13.000     4.000         *    12.000     7.000     8.000     3.000     1.000     6.000     8.242     1.164    -0.195     0.090
    10.000    10.000     7.000     6.000     6.000     5.000     5.000     5.000     4.000     7.895     1.026    -0.174     0.086
    10.000     7.000    10.000     9.000    10.000     9.000     6.000         *    12.000     8.830     1.026     0.024     0.094
    10.000     9.000     9.000    11.000    12.000    10.000    11.000    15.000    16.000     9.730     1.026     0.172     0.086
    14.000    15.000    12.000    12.000    14.000    11.000    10.000    12.000         *    13.021     1.044    -0.136     0.108
    12.000         *     9.000     9.000     9.000     9.000    10.000     6.000     5.000     9.870     1.163    -0.175     0.090
     5.000     7.000     8.000     5.000     3.000     3.000     3.000     2.000     3.000     6.332     1.026    -0.184     0.086
     6.000     4.000     6.000     6.000     5.000     8.000     8.000         *     2.000     6.287     1.026    -0.103     0.094
     7.000         *     5.000     9.000    13.000    13.000    13.000     9.000     7.000     9.062     1.163    -0.008     0.090
    10.000     7.000     7.000     8.000     9.000         *     7.000     4.000     4.000     8.123     1.047    -0.165     0.086
    11.000    10.000    10.000    10.000     8.000     3.000     3.000     4.000     6.000     9.367     1.026    -0.234     0.086
     9.000     4.000         *         *         *         *     9.000     3.000     2.000     6.538     1.481    -0.141     0.095
    13.000    11.000     8.000     9.000    13.000     8.000         *     6.000     5.000    10.263     1.035    -0.202     0.087
    13.000    13.000    12.000    10.000     9.000     6.000     7.000     8.000     2.000    11.489     1.026    -0.311     0.086
     6.000     3.000     6.000     4.000     4.000     6.000    10.000     6.000    12.000     4.904     1.026     0.158     0.086
    12.000    12.000     7.000     3.000     6.000     7.000     5.000     8.000     4.000     8.085     1.026    -0.139     0.086
    10.000    10.000     9.000     9.000    10.000         *         *         *         *     9.669     1.066    -0.130     0.152
     5.000     6.000     7.000     7.000     7.000         *         *         *         *     6.931     1.066    -0.085     0.152
     4.000     2.000     2.000     0.000     5.000     2.000     7.000     0.000     4.000     2.865     1.026    -0.006     0.086
     7.000     5.000     2.000         *         *     8.000    12.000         *         *     5.526     1.190     0.107     0.134
     6.000     8.000     8.000    10.000     4.000     9.000     4.000    12.000     7.000     7.995     1.026    -0.014     0.086
     9.000     7.000     7.000     4.000    10.000     5.000     7.000    11.000    13.000     6.708     1.026     0.147     0.086
    12.000    15.000    14.000    13.000    13.000    14.000         *         *    15.000    13.511     1.035    -0.016     0.095
     3.000     6.000     6.000     8.000     8.000     7.000     7.000    11.000     7.000     6.812     1.026     0.050     0.086
     8.000     7.000     9.000    10.000    10.000     6.000     7.000     5.000     0.000     9.152     1.026    -0.265     0.086
     5.000     6.000     7.000     4.000     8.000     9.000     5.000     2.000     2.000     6.785     1.026    -0.169     0.086
    11.000    12.000    13.000     9.000    10.000    11.000    15.000         *         *    11.518     1.049    -0.060     0.133
    10.000     6.000    10.000     9.000     6.000    12.000    11.000    12.000    14.000     8.504     1.026     0.146     0.086
     9.000    10.000     7.000     5.000     7.000     2.000     4.000    11.000     4.000     7.459     1.026    -0.089     0.086
     6.000     4.000     1.000     0.000         *     6.000     7.000         *     3.000     3.442     1.067     0.010     0.094
    14.000    10.000    13.000    15.000    12.000    12.000    11.000    11.000    11.000    12.520     1.026    -0.091     0.086
     7.000     9.000     5.000     5.000         *     6.000     4.000     4.000     6.000     6.636     1.066    -0.093     0.086
     5.000     5.000     3.000     4.000     4.000         *     2.000         *     0.000     4.671     1.047    -0.165     0.094
     9.000     1.000     0.000     2.000     4.000     0.000     6.000         *         *     2.720     1.049    -0.008     0.133
     8.000     6.000     5.000     5.000     4.000     1.000     6.000     3.000     6.000     5.516     1.026    -0.069     0.086
     9.000     6.000     3.000     3.000         *     4.000     7.000     4.000         *     5.196     1.079    -0.060     0.108
     9.000     9.000     6.000     6.000     6.000     6.000     5.000     6.000     6.000     7.285     1.026    -0.090     0.086
    14.000    13.000    15.000         *    14.000    16.000     5.000    15.000         *    13.610     1.139    -0.103     0.109
     7.000     7.000     2.000     2.000     3.000     3.000         *         *         *     4.501     1.051    -0.131     0.144
     9.000     9.000     9.000     8.000     1.000     7.000     0.000         *         *     8.039     1.049    -0.303     0.133
    11.000     9.000    12.000    10.000     4.000     4.000     2.000     5.000     2.000     9.468     1.026    -0.307     0.086
     9.000     5.000     4.000     7.000     3.000     2.000     2.000     1.000     7.000     5.225     1.026    -0.086     0.086
    13.000    12.000     6.000     9.000     3.000     6.000     4.000     2.000     2.000     8.771     1.026    -0.303     0.086
    10.000     6.000     7.000    12.000     9.000         *         *         *         *     8.643     1.066    -0.087     0.152
    10.000    11.000     6.000     7.000     6.000         *         *    16.000         *     8.186     1.066     0.154     0.112
     7.000     6.000         *     9.000     0.000     7.000         *         *         *     6.701     1.193    -0.138     0.146
     8.000    10.000    10.000    10.000    14.000         *     7.000         *         *    10.341     1.061    -0.131     0.137
    15.000    12.000    10.000     8.000    10.000    10.000     1.000     9.000    10.000    10.170     1.026    -0.114     0.086
     9.000     5.000    11.000     6.000    10.000     5.000     7.000         *         *     8.089     1.049    -0.117     0.133
    14.000    12.000    13.000    14.000    10.000         *    13.000    14.000    10.000    12.737     1.047    -0.074     0.086
     9.000     3.000     3.000     8.000     8.000     7.000     8.000     5.000     9.000     5.774     1.026     0.056     0.086
    10.000     7.000         *     7.000     8.000         *    12.000    10.000    12.000     8.066     1.197     0.099     0.090
     5.000     8.000     5.000     5.000     6.000     6.000     6.000     9.000     4.000     6.445     1.026    -0.036     0.086
     6.000     8.000     5.000     8.000     4.000     0.000     1.000     1.000         *     6.483     1.044    -0.287     0.108
     7.000     7.000     7.000     8.000     9.000     4.000     5.000     8.000     8.000     7.353     1.026    -0.026     0.086
     6.000     6.000         *     7.000     4.000     3.000     3.000     5.000     0.000     6.353     1.164    -0.191     0.090
    11.000    16.000    16.000    16.000    16.000    17.000    19.000    16.000    18.000    15.388     1.026     0.047     0.086
     9.000    16.000    14.000    14.000     8.000     8.000         *     6.000    13.000    12.710     1.035    -0.169     0.087
    11.000    11.000    14.000    10.000    11.000     9.000     7.000     5.000     6.000    11.554     1.026    -0.262     0.086
    13.000         *    12.000    13.000     8.000    10.000     6.000    12.000     8.000    11.476     1.163    -0.136     0.090
     9.000    13.000    12.000     7.000         *     7.000     4.000     2.000     7.000    10.164     1.066    -0.260     0.086
    11.000    13.000     6.000     8.000     1.000     6.000     5.000     2.000     2.000     8.478     1.026    -0.289     0.086
    16.000         *    14.000     7.000    11.000     5.000     9.000     7.000     4.000    11.296     1.163    -0.270     0.090
     8.000    12.000    10.000    10.000    11.000     9.000    10.000    10.000     9.000    10.509     1.026    -0.072     0.086
     9.000    11.000    10.000    10.000    11.000    13.000    13.000    10.000    14.000    10.495     1.026     0.053     0.086
    16.000    11.000    13.000    12.000    15.000    12.000    11.000         *     7.000    12.887     1.026    -0.199     0.094
     5.000         *         *         *     4.000     7.000         *     2.000     0.000     6.423     1.707    -0.213     0.105
     8.000     6.000     5.000     5.000    11.000         *    12.000     8.000     3.000     7.155     1.047    -0.045     0.086
     8.000         *         *         *         *    10.000     9.000     7.000     8.000     9.326     1.858    -0.082     0.110
    10.000     9.000    11.000         *     5.000     7.000    10.000    10.000    11.000     9.139     1.123     0.001     0.088
    13.000    13.000    12.000    10.000     9.000     7.000     4.000     4.000     1.000    11.480     1.026    -0.397     0.086
     9.000     3.000     3.000     7.000    12.000     7.000     5.000    11.000     6.000     6.047     1.026     0.065     0.086
    12.000     7.000     6.000    13.000    13.000    13.000     7.000         *     3.000     9.980     1.026    -0.189     0.094
    13.000     7.000         *     7.000     8.000     7.000     8.000     2.000     6.000     8.248     1.164    -0.161     0.090
    14.000    14.000     7.000    16.000    12.000     7.000     7.000     8.000     7.000    11.836     1.026    -0.222     0.086
     7.000         *     1.000     0.000     5.000     5.000    14.000         *    11.000     3.380     1.163     0.256     0.097
     8.000     4.000     0.000     2.000     1.000     2.000     2.000         *         *     3.096     1.049    -0.107     0.133
    11.000     6.000     7.000     9.000         *    15.000    14.000         *         *     8.709     1.081     0.121     0.134
     5.000    13.000    13.000    10.000    11.000     0.000     3.000     0.000     0.000    10.787     1.026    -0.464     0.086
    11.000     8.000     6.000     7.000     3.000     4.000     0.000     4.000     3.000     6.883     1.026    -0.200     0.086
    16.000     5.000     6.000     5.000     6.000         *     1.000     4.000     1.000     6.744     1.047    -0.212     0.086
     8.000    10.000    11.000    10.000     8.000     4.000     4.000         *     3.000     9.672     1.026    -0.279     0.094
    16.000    15.000    14.000    13.000    15.000    14.000    15.000         *         *    14.334     1.049    -0.114     0.133
     9.000    14.000    10.000    10.000     4.000     6.000     7.000     7.000    11.000     9.824     1.026    -0.102     0.086
     5.000     9.000     8.000     9.000    11.000    12.000    13.000    14.000    17.000     8.753     1.026     0.242     0.086
    15.000    12.000    13.000    13.000    14.000     9.000    10.000    11.000     9.000    12.742     1.026    -0.156     0.086
    10.000    12.000         *    10.000         *    11.000     8.000     9.000     4.000    11.055     1.226    -0.207     0.090
    10.000     4.000     2.000     2.000    15.000     3.000     2.000         *         *     5.166     1.049    -0.072     0.133
     1.000     1.000     4.000     5.000     1.000     0.000     0.000     0.000     4.000     2.964     1.026    -0.066     0.086
     8.000     8.000     5.000    10.000    10.000     5.000         *     2.000     7.000     7.861     1.035    -0.134     0.087
    18.000    18.000    16.000    17.000    18.000    14.000    15.000    15.000     8.000    17.024     1.026    -0.257     0.086
     5.000     4.000     5.000     8.000     5.000         *         *         *         *     5.878     1.066    -0.075     0.152
    18.000         *         *    15.000    16.000    15.000    16.000    14.000     6.000    16.002     1.378    -0.253     0.097
    10.000     9.000     4.000     4.000     9.000     1.000     9.000    12.000         *     6.475     1.044     0.080     0.108
    11.000     8.000     8.000    10.000     6.000     9.000     9.000     8.000    10.000     8.672     1.026    -0.015     0.086
     6.000     7.000     8.000     6.000     8.000         *     8.000     2.000     0.000     7.749     1.047    -0.246     0.086
    17.000    14.000    13.000    10.000    11.000     8.000    14.000     5.000     6.000    12.751     1.026    -0.287     0.086
    12.000    12.000    13.000    10.000    11.000    12.000     6.000    13.000    11.000    11.500     1.026    -0.056     0.086
     8.000     5.000     9.000     8.000     8.000     6.000     4.000     7.000     3.000     7.756     1.026    -0.144     0.086
    11.000     8.000     9.000     9.000     7.000     5.000     4.000     8.000     6.000     8.541     1.026    -0.126     0.086
    11.000    10.000     9.000     8.000         *     2.000     9.000     3.000     3.000     9.059     1.066    -0.256     0.086
    14.000    14.000     9.000     8.000     4.000     7.000     2.000     4.000     8.000     9.605     1.026    -0.218     0.086
    18.000    15.000    18.000    17.000         *         *         *    18.000         *    16.367     1.110    -0.046     0.112
     4.000     5.000     3.000     9.000     2.000     6.000     2.000     2.000     3.000     5.387     1.026    -0.129     0.086
    13.000     8.000     7.000     9.000    10.000    10.000    14.000         *     9.000     9.187     1.026     0.006     0.094
     8.000    11.000    11.000    11.000    16.000         *         *         *         *    11.372     1.066    -0.075     0.152
     7.000     8.000     6.000     5.000     1.000     5.000     5.000         *     1.000     6.376     1.026    -0.197     0.094
    12.000    10.000         *         *    15.000    12.000     8.000    12.000    10.000    11.450     1.315    -0.058     0.093
    13.000     7.000     8.000     9.000     8.000    11.000    13.000     3.000         *     9.208     1.044    -0.145     0.108
    17.000    18.000    19.000    19.000    19.000    17.000    15.000    12.000    16.000    17.937     1.026    -0.181     0.086
    10.000     7.000     7.000    10.000    14.000         *         *         *         *     9.037     1.066    -0.044     0.152
    11.000    11.000    11.000     7.000    13.000     9.000         *    10.000     4.000    10.623     1.035    -0.173     0.087
    13.000     2.000     5.000     5.000     2.000     7.000     6.000    13.000     8.000     5.099     1.026     0.146     0.086
    10.000    11.000         *     9.000     6.000         *     6.000     5.000    10.000     9.125     1.197    -0.103     0.090
     8.000     2.000     3.000     1.000     3.000     1.000     5.000     3.000     6.000     3.137     1.026     0.033     0.086
    11.000    10.000    13.000     6.000    10.000    10.000    15.000         *     3.000    10.804     1.026    -0.201     0.094
    14.000     2.000     8.000    12.000     7.000    15.000     4.000         *         *     8.397     1.049    -0.058     0.133
    12.000    12.000    11.000    10.000    11.000     6.000    12.000    10.000    11.000    10.839     1.026    -0.057     0.086
     6.000    10.000         *         *     8.000     7.000     3.000     2.000     2.000     8.544     1.315    -0.274     0.093
    10.000    10.000     9.000     4.000    11.000     8.000     7.000    12.000    12.000     8.381     1.026     0.078     0.086
    14.000    13.000    16.000    17.000     2.000     2.000         *         *         *    12.908     1.051    -0.441     0.144
     4.000     8.000     3.000     4.000     4.000     4.000     7.000     7.000     4.000     5.351     1.026    -0.021     0.086
    13.000         *    12.000    10.000     8.000     7.000     9.000    10.000     9.000    10.532     1.163    -0.099     0.090
     7.000     7.000     6.000     7.000     2.000     2.000     5.000     3.000     2.000     6.362     1.026    -0.184     0.086
    10.000     9.000         *         *    11.000    11.000    11.000     4.000     7.000    10.195     1.315    -0.158     0.093
     8.000     5.000     5.000     5.000     5.000     4.000     3.000     0.000     8.000     5.349     1.026    -0.068     0.086
    15.000     7.000     5.000     7.000     6.000     5.000    13.000     7.000         *     7.506     1.044    -0.028     0.108
    14.000     8.000     7.000     7.000    10.000         *     9.000     3.000     4.000     8.712     1.047    -0.194     0.086
    11.000    11.000     9.000     8.000         *    11.000    12.000    13.000    12.000     9.862     1.066     0.068     0.086
    14.000    13.000    10.000     9.000    13.000    12.000     9.000    10.000    11.000    11.306     1.026    -0.068     0.086
     3.000     6.000     4.000     3.000     2.000     4.000     3.000     1.000     1.000     4.627     1.026    -0.152     0.086
    10.000     6.000     6.000     7.000     8.000    13.000    10.000     8.000     7.000     7.768     1.026     0.005     0.086
    15.000    15.000    15.000    16.000    14.000    13.000    11.000    12.000    12.000    14.699     1.026    -0.156     0.086
    10.000    10.000     6.000    10.000    12.000    12.000    11.000    11.000    11.000     9.462     1.026     0.049     0.086
     8.000         *     8.000     6.000     7.000     8.000     8.000     8.000     6.000     7.808     1.163    -0.054     0.090
    11.000     6.000     8.000     9.000     6.000     7.000     7.000     3.000     3.000     8.180     1.026    -0.204     0.086
    11.000     7.000     7.000     7.000     7.000     7.000     7.000     8.000     3.000     7.880     1.026    -0.122     0.086
    10.000         *     9.000    10.000     7.000     9.000     9.000     8.000         *     9.439     1.185    -0.101     0.113
    14.000    13.000    13.000    13.000         *    12.000    14.000    14.000    15.000    12.837     1.066     0.022     0.086
    12.000         *    10.000     9.000         *         *    13.000    14.000         *    10.352     1.273     0.067     0.113
    12.000     9.000     9.000     6.000     4.000     5.000     3.000     2.000         *     8.194     1.044    -0.301     0.108
    13.000         *         *    13.000    10.000     8.000    12.000     8.000     7.000    11.803     1.378    -0.190     0.097
     5.000         *         *     3.000         *     4.000     6.000     5.000     2.000     5.241     1.486    -0.082     0.099
     9.000         *     8.000     8.000     8.000         *     4.000     5.000         *     8.315     1.209    -0.183     0.113
    11.000         *     4.000    10.000    10.000     7.000     7.000     7.000     7.000     8.033     1.163    -0.062     0.090
    14.000    12.000    10.000    11.000    10.000    10.000    11.000    10.000    12.000    11.030     1.026    -0.039     0.086
     6.000     4.000         *     4.000         *    10.000         *     0.000     2.000     5.647     1.247    -0.154     0.091
    14.000    14.000    12.000    11.000    12.000    14.000    13.000    11.000    10.000    12.722     1.026    -0.105     0.086
     6.000     7.000    10.000         *     7.000     9.000     6.000     6.000     5.000     8.402     1.123    -0.131     0.088
    12.000         *     5.000     2.000     4.000     3.000     1.000     0.000     4.000     5.017     1.163    -0.148     0.090
    14.000         *     4.000     2.000     3.000     6.000     4.000         *     8.000     4.982     1.163     0.026     0.097
     8.000     7.000     6.000     4.000         *         *         *     8.000     6.000     6.472     1.107    -0.013     0.087
    14.000         *    14.000    14.000         *    13.000    15.000     3.000     5.000    14.046     1.223    -0.353     0.091
    13.000         *         *     7.000     9.000     9.000    13.000     7.000     8.000     9.582     1.378    -0.079     0.097
    15.000         *    13.000    13.000         *    15.000    14.000    14.000    17.000    13.115     1.223     0.058     0.091
     7.000    12.000     7.000     7.000         *    12.000     9.000     2.000     3.000     9.281     1.066    -0.234     0.086
    12.000    11.000    12.000    13.000         *         *         *    10.000     6.000    11.927     1.107    -0.186     0.087
     4.000     7.000     9.000     6.000     6.000     1.000     3.000     1.000     0.000     7.050     1.026    -0.283     0.086
    11.000     2.000         *     0.000     0.000     0.000     0.000     0.000     1.000     2.718     1.164    -0.124     0.090
    15.000    11.000    16.000    16.000    12.000    12.000    11.000    12.000    11.000    13.782     1.026    -0.137     0.086
    14.000    11.000         *    12.000     8.000    11.000     9.000     6.000     5.000    11.399     1.164    -0.246     0.090
     7.000     1.000     3.000     5.000     0.000     2.000     8.000     5.000     4.000     3.621     1.026     0.024     0.086
    14.000         *    11.000    11.000     8.000     7.000     0.000     7.000     7.000    10.137     1.163    -0.212     0.090
    12.000     2.000         *     7.000     5.000     1.000     5.000     9.000    11.000     5.163     1.164     0.118     0.090
    15.000         *         *    11.000     9.000         *     9.000    11.000     6.000    11.304     1.435    -0.159     0.097
    12.000    13.000         *     9.000    11.000    11.000    15.000         *         *    11.544     1.186    -0.058     0.136
     8.000     7.000     6.000     5.000         *         *     8.000    10.000    11.000     6.650     1.092     0.114     0.086
     9.000     7.000     6.000     8.000     6.000    10.000     6.000     5.000         *     7.609     1.044    -0.108     0.108
     5.000     4.000     4.000     1.000         *     0.000     5.000         *         *     3.825     1.081    -0.088     0.134
     9.000     9.000    10.000    10.000     4.000     6.000     3.000     4.000     5.000     8.821     1.026    -0.221     0.086
     9.000     8.000    10.000    10.000     8.000    15.000    13.000    12.000    11.000     9.796     1.026     0.065     0.086
    15.000    10.000     9.000    13.000    11.000         *         *         *         *    11.059     1.066    -0.143     0.152
     5.000    13.000     8.000    10.000     9.000     6.000         *         *         *     9.662     1.051    -0.180     0.144
     8.000     9.000    10.000     7.000    10.000     9.000     5.000     7.000     4.000     9.170     1.026    -0.173     0.086
     9.000     3.000     1.000     3.000     3.000     2.000     1.000     3.000     1.000     3.531     1.026    -0.093     0.086
    10.000    10.000     7.000    12.000    13.000    10.000    12.000     8.000     8.000    10.289     1.026    -0.081     0.086
    13.000     7.000     4.000     6.000    14.000    13.000     9.000     6.000     7.000     8.148     1.026    -0.034     0.086
     9.000     8.000     4.000     2.000     6.000     5.000     3.000     3.000     3.000     5.774     1.026    -0.134     0.086
    18.000    17.000    15.000    17.000    17.000         *    18.000    17.000    20.000    16.048     1.047     0.055     0.086
    12.000    10.000    15.000         *     8.000     5.000     6.000     7.000     3.000    11.228     1.123    -0.304     0.088
     9.000    11.000    10.000     9.000     7.000         *    11.000     6.000     6.000     9.915     1.047    -0.160     0.086
     7.000     9.000    12.000    13.000     9.000     5.000     5.000     0.000         *    10.547     1.044    -0.401     0.108
     9.000    11.000    12.000    12.000    13.000    10.000     5.000     4.000         *    11.586     1.044    -0.307     0.108
     0.000     6.000     8.000     7.000     0.000     0.000         *     0.000     0.000     5.702     1.035    -0.253     0.087
     4.000     5.000     3.000     4.000     3.000     0.000         *         *     0.000     4.258     1.035    -0.167     0.095
     8.000     6.000     7.000     8.000     6.000     7.000     7.000     6.000         *     7.346     1.044    -0.080     0.108
    16.000    12.000    13.000    12.000    16.000    16.000    16.000    16.000    16.000    13.226     1.026     0.086     0.086
     9.000     6.000     8.000    12.000     6.000    10.000     1.000     6.000     6.000     8.369     1.026    -0.138     0.086
    14.000         *    11.000    12.000    12.000    11.000         *    10.000     8.000    11.910     1.177    -0.144     0.091
    11.000    10.000    11.000    16.000    15.000    10.000         *    10.000    10.000    12.204     1.035    -0.106     0.087
    11.000         *    13.000    11.000     8.000     8.000    10.000     5.000     3.000    11.461     1.163    -0.304     0.090
    13.000    11.000    12.000    13.000     7.000     9.000    10.000    10.000     9.000    11.342     1.026    -0.122     0.086
    12.000         *    14.000    13.000    14.000    11.000    14.000    12.000     8.000    13.445     1.163    -0.158     0.090
     9.000     5.000     5.000     1.000     1.000     0.000     0.000     0.000     0.000     4.254     1.026    -0.211     0.086
     8.000     9.000     4.000     4.000     2.000         *         *     8.000     5.000     5.946     1.058    -0.028     0.087
    18.000    17.000    15.000    14.000    13.000         *         *         *         *    15.124     1.066    -0.242     0.152
     0.000         *     3.000     3.000     5.000         *     2.000     0.000     0.000     3.811     1.194    -0.145     0.090
     8.000     7.000     3.000     5.000     1.000     3.000     6.000     5.000     7.000     5.017     1.026    -0.001     0.086
    18.000    19.000         *    16.000    16.000    14.000    13.000    14.000     6.000    16.947     1.164    -0.323     0.090
    11.000         *     9.000    10.000    13.000    13.000    13.000     9.000     5.000    11.163     1.163    -0.145     0.090
     8.000     7.000     5.000     2.000     0.000     3.000     0.000     0.000     0.000     4.951     1.026    -0.233     0.086
    10.000     7.000     6.000     4.000     6.000     6.000     6.000         *     3.000     6.729     1.026    -0.135     0.094
     5.000     6.000         *         *         *     7.000     3.000     1.000     0.000     6.433     1.410    -0.229     0.095
     8.000    11.000     9.000     7.000     6.000     6.000     3.000     9.000    11.000     8.228     1.026    -0.018     0.086
    11.000     7.000         *    11.000     6.000         *     7.000     0.000    11.000     8.404     1.197    -0.113     0.090
    14.000    12.000    12.000    11.000    11.000    10.000     8.000     9.000    18.000    11.139     1.026     0.031     0.086
    13.000     8.000     8.000     5.000     4.000     6.000     6.000     5.000     5.000     7.571     1.026    -0.137     0.086
    18.000    13.000    11.000    11.000    12.000         *         *         *         *    12.306     1.066    -0.191     0.152
    11.000     9.000     9.000     9.000     0.000     3.000         *     0.000         *     8.259     1.048    -0.372     0.111
     3.000     2.000         *         *     7.000         *     4.000     3.000         *     4.512     1.376    -0.053     0.115
    12.000     9.000     7.000     3.000     6.000     4.000     0.000     0.000     0.000     7.161     1.026    -0.318     0.086
    11.000    10.000     6.000     8.000     5.000     2.000     3.000     0.000     6.000     7.577     1.026    -0.221     0.086
     8.000    13.000    12.000    11.000    10.000     5.000     8.000    10.000     9.000    10.943     1.026    -0.126     0.086
    12.000     8.000     8.000     6.000     6.000     7.000     5.000     7.000     4.000     7.988     1.026    -0.141     0.086
    14.000     8.000     1.000     8.000     7.000     8.000     6.000     3.000     4.000     7.023     1.026    -0.137     0.086
    14.000    11.000    12.000    11.000     8.000         *     8.000     5.000     4.000    11.317     1.047    -0.291     0.086
    13.000         *         *    10.000     6.000     5.000         *     2.000     2.000     9.217     1.405    -0.305     0.097
    14.000    14.000    12.000    12.000    13.000     8.000     8.000     8.000    11.000    12.288     1.026    -0.163     0.086
    13.000    15.000         *         *         *    14.000    11.000    10.000         *    13.586     1.421    -0.182     0.115
    11.000     6.000    11.000    11.000         *    12.000    13.000    13.000     5.000    10.283     1.066    -0.056     0.086
    10.000     6.000     7.000     5.000     5.000    14.000    11.000     9.000     1.000     7.780     1.026    -0.087     0.086
    11.000     9.000     9.000     6.000         *     0.000     0.000         *         *     7.893     1.081    -0.363     0.134
    12.000     7.000     6.000     6.000     8.000     3.000     2.000     7.000     3.000     7.093     1.026    -0.147     0.086
     2.000     0.000     2.000     4.000     4.000     6.000     6.000     5.000     3.000     3.223     1.026     0.046     0.086
    11.000     9.000     5.000     5.000     4.000     3.000     5.000     5.000     7.000     6.505     1.026    -0.072     0.086
    12.000    10.000     6.000     4.000    10.000         *     8.000         *         *     8.043     1.061    -0.095     0.137
     8.000         *         *     5.000     3.000     2.000     5.000     2.000     7.000     5.197     1.378    -0.054     0.097
     8.000     6.000     5.000    11.000     6.000     3.000     5.000     4.000         *     7.181     1.044    -0.167     0.108
     6.000         *         *     2.000     2.000     1.000     2.000     2.000         *     3.725     1.405    -0.118     0.119
     8.000    13.000         *    14.000    13.000    16.000    16.000    14.000     6.000    13.542     1.164    -0.133     0.090
    13.000     9.000     9.000     8.000    10.000    11.000     8.000         *    14.000     9.219     1.026     0.075     0.094
     5.000    10.000    10.000     6.000     1.000     6.000         *    10.000     1.000     8.003     1.035    -0.162     0.087
    14.000         *     8.000     5.000    10.000     7.000     3.000     4.000     4.000     8.316     1.163    -0.201     0.090
    17.000     6.000         *     3.000         *         *     1.000         *    15.000     6.274     1.273     0.130     0.097
     6.000     7.000     6.000         *     8.000     5.000     0.000     3.000     0.000     6.860     1.123    -0.243     0.088
    14.000    14.000    11.000    10.000    12.000    11.000     8.000     9.000    14.000    11.580     1.026    -0.055     0.086
    10.000     9.000     4.000    10.000     7.000     4.000     8.000    10.000    10.000     7.518     1.026     0.040     0.086
     8.000         *     8.000         *         *    15.000     5.000     4.000     4.000     9.245     1.404    -0.194     0.095
    14.000    12.000    14.000    14.000     8.000         *     8.000     6.000     7.000    12.567     1.047    -0.274     0.086
     6.000     8.000         *     7.000     5.000     6.000     1.000     3.000         *     7.126     1.183    -0.221     0.111
    12.000     5.000     7.000     9.000     6.000     5.000    12.000    13.000     7.000     7.631     1.026     0.052     0.086
    10.000    10.000         *    10.000     9.000     7.000     9.000    10.000     8.000     9.755     1.164    -0.075     0.090
    14.000     6.000     7.000         *     8.000     9.000     4.000     2.000     4.000     8.026     1.123    -0.201     0.088
    15.000    11.000    12.000     8.000     6.000     2.000     5.000     6.000     5.000     9.899     1.026    -0.252     0.086
    11.000    14.000    11.000    10.000    10.000     8.000     5.000     2.000     1.000    11.529     1.026    -0.413     0.086
     7.000     7.000     6.000     4.000     5.000     5.000    12.000    15.000         *     6.089     1.044     0.222     0.108
     5.000         *         *     7.000     5.000     3.000     5.000     8.000    12.000     5.702     1.378     0.107     0.097
    18.000    14.000    14.000     8.000     6.000     8.000         *    13.000    14.000    11.556     1.035    -0.014     0.087
    11.000     2.000     2.000     3.000     0.000     5.000     2.000     3.000     5.000     3.417     1.026    -0.006     0.086
    15.000    15.000    10.000    15.000     5.000     7.000    10.000    16.000     4.000    12.274     1.026    -0.189     0.086
    11.000         *     7.000     6.000     7.000     5.000    13.000         *     4.000     7.956     1.163    -0.109     0.097
    10.000    10.000    11.000    10.000    10.000         *     9.000    12.000    13.000    10.175     1.047     0.040     0.086
    11.000         *     5.000     7.000    11.000     5.000     2.000     2.000     3.000     7.491     1.163    -0.215     0.090
    11.000         *     1.000     2.000     4.000     0.000     6.000     1.000     1.000     3.868     1.163    -0.114     0.090
    10.000         *     4.000     6.000     2.000     2.000     4.000     2.000     1.000     5.536     1.163    -0.184     0.090
    15.000         *     3.000     0.000     1.000     0.000     2.000     4.000     1.000     3.769     1.163    -0.107     0.090
     3.000         *     4.000     6.000     8.000     4.000     0.000     2.000     3.000     5.439     1.163    -0.138     0.090
     9.000         *     9.000     0.000     6.000     2.000     0.000     0.000     0.000     5.887     1.163    -0.265     0.090
    15.000         *    15.000    14.000    11.000     9.000    11.000     8.000     5.000    13.732     1.163    -0.316     0.090
    12.000         *         *    11.000     4.000     4.000     4.000     6.000    10.000     8.144     1.378    -0.077     0.097
    12.000         *    12.000     9.000    11.000     6.000     5.000     1.000     0.000    10.846     1.163    -0.417     0.090
     5.000         *     9.000     5.000     8.000     9.000    10.000     8.000     7.000     7.850     1.163    -0.018     0.090
    17.000         *     7.000    13.000     9.000    12.000         *     4.000     5.000    10.915     1.177    -0.251     0.091
    12.000         *     2.000     1.000     2.000     1.000     0.000     2.000     1.000     3.489     1.163    -0.123     0.090
     8.000     6.000     8.000     5.000     2.000     4.000     2.000     2.000         *     6.388     1.044    -0.230     0.108
     8.000         *    11.000    10.000     8.000         *     5.000     6.000     3.000     9.913     1.194    -0.248     0.090
     6.000     7.000     5.000     3.000     6.000     4.000     1.000         *     2.000     5.633     1.026    -0.161     0.094
    14.000    14.000     9.000     9.000    10.000     8.000    11.000     8.000     6.000    11.064     1.026    -0.187     0.086
     5.000     4.000     6.000         *         *     0.000     6.000     2.000     5.000     5.071     1.179    -0.078     0.088
     8.000    10.000    10.000    12.000         *         *    12.000    11.000    14.000    10.340     1.092     0.062     0.086
     1.000     0.000     0.000         *         *     5.000     3.000     9.000     9.000     1.676     1.179     0.252     0.088
     9.000     7.000         *     4.000     0.000         *     4.000     4.000     2.000     5.703     1.197    -0.145     0.090
    11.000     7.000     6.000     8.000     5.000     0.000     0.000     0.000     0.000     6.943     1.026    -0.321     0.086
    17.000    14.000    11.000     7.000     4.000     6.000         *    11.000     3.000    10.656     1.035    -0.229     0.087
    13.000    11.000     7.000    10.000     7.000     7.000    10.000     4.000     8.000     9.413     1.026    -0.144     0.086
    18.000     7.000     7.000     6.000     2.000     0.000     3.000     6.000     2.000     7.071     1.026    -0.206     0.086
     9.000     8.000         *     4.000     4.000     2.000     2.000     4.000         *     6.221     1.183    -0.187     0.111
    14.000    12.000     9.000     7.000     6.000     5.000     7.000     7.000    12.000     9.005     1.026    -0.049     0.086
    10.000     8.000     8.000     8.000     0.000     7.000     4.000     4.000     0.000     7.763     1.026    -0.262     0.086
    11.000    12.000    11.000     8.000     7.000    10.000     8.000    11.000     5.000    10.398     1.026    -0.147     0.086
     8.000     6.000     8.000     5.000     2.000     9.000     8.000     2.000         *     6.897     1.044    -0.151     0.108
    13.000     9.000    10.000    12.000     8.000     4.000     1.000     2.000     4.000     9.788     1.026    -0.322     0.086
     8.000     7.000     6.000     5.000     3.000     1.000     0.000     2.000     2.000     5.848     1.026    -0.209     0.086
    11.000     8.000     8.000     6.000     6.000     5.000     5.000     2.000     2.000     7.876     1.026    -0.248     0.086
    12.000     7.000    10.000    11.000     7.000     7.000         *     4.000         *     9.430     1.048    -0.233     0.111
    17.000     2.000     0.000     0.000     0.000         *         *         *         *     2.854     1.066    -0.147     0.152
    14.000    12.000    12.000     7.000     7.000    10.000         *     9.000    11.000    10.416     1.035    -0.063     0.087
    10.000    10.000    11.000    11.000     9.000    11.000     6.000     8.000     6.000    10.573     1.026    -0.175     0.086
     8.000     9.000     9.000     9.000         *     4.000     7.000     8.000     6.000     8.706     1.066    -0.116     0.086
    16.000     9.000     5.000    10.000     2.000     4.000     4.000         *     2.000     8.005     1.026    -0.258     0.094
     7.000     8.000     2.000     5.000     2.000     2.000         *     0.000     0.000     5.204     1.035    -0.225     0.087
    10.000    11.000     7.000     8.000     3.000     2.000     2.000     1.000     2.000     7.956     1.026    -0.307     0.086
     9.000    14.000    14.000    16.000    13.000    14.000    14.000    14.000    15.000    13.655     1.026    -0.002     0.086
    14.000    18.000    17.000    18.000    17.000    17.000         *    17.000         *    16.889     1.048    -0.081     0.111
    15.000    11.000         *         *     5.000     2.000     3.000     2.000     3.000     8.865     1.315    -0.310     0.093
     6.000     6.000     4.000     3.000     5.000     3.000     3.000     2.000     0.000     5.180     1.026    -0.179     0.086
     6.000         *         *     1.000     0.000     0.000     4.000         *         *     3.019     1.408    -0.097     0.142
    15.000    15.000    15.000    14.000    10.000     4.000     7.000     7.000     3.000    13.557     1.026    -0.409     0.086
    16.000    10.000     8.000    12.000     9.000     4.000     8.000     6.000     4.000    10.205     1.026    -0.243     0.086
    12.000     7.000     4.000     4.000     4.000     2.000     0.000     5.000     0.000     5.779     1.026    -0.196     0.086
     3.000         *     6.000     3.000     1.000         *         *     4.000     5.000     4.498     1.213    -0.027     0.091
    10.000    12.000    13.000    11.000     6.000         *         *         *         *    11.212     1.066    -0.216     0.152
    14.000         *         *     8.000     9.000     8.000     8.000     5.000     6.000     9.611     1.378    -0.178     0.097
     4.000         *     4.000     4.000     2.000     2.000     3.000     3.000     6.000     3.986     1.163    -0.013     0.090
     7.000         *         *         *    10.000     9.000    12.000    12.000    10.000     9.735     1.653     0.021     0.105
    12.000         *    12.000    13.000    13.000    13.000    12.000    13.000     8.000    12.735     1.163    -0.116     0.090
    11.000         *     5.000     3.000     3.000     5.000     3.000     0.000     0.000     5.629     1.163    -0.227     0.090
    10.000         *     5.000     4.000     6.000     3.000     2.000         *     6.000     5.534     1.163    -0.062     0.097
     3.000         *     0.000     0.000     4.000     2.000     2.000         *     0.000     2.216     1.163    -0.065     0.097
    11.000         *    11.000    10.000    11.000    12.000    10.000    10.000    13.000    10.678     1.163     0.003     0.090
    11.000         *     7.000     7.000     7.000     6.000     9.000         *    10.000     7.638     1.163     0.020     0.097
     6.000         *     5.000     5.000     6.000     6.000         *     5.000     4.000     5.997     1.177    -0.074     0.091
     3.000         *     0.000     0.000     3.000         *     5.000     3.000     4.000     2.043     1.194     0.059     0.090
    10.000         *     9.000     6.000     6.000     3.000         *     3.000         *     7.781     1.193    -0.236     0.115
     9.000         *     7.000     7.000     4.000     1.000         *         *     1.000     6.836     1.178    -0.235     0.099
     9.000         *     6.000     8.000     4.000     6.000     3.000     1.000     4.000     6.964     1.163    -0.193     0.090
    15.000         *    10.000    15.000    10.000    15.000    11.000         *    12.000    12.333     1.163    -0.056     0.097
     3.000         *     3.000     3.000     2.000     3.000     5.000     1.000     1.000     3.875     1.163    -0.106     0.090
     4.000         *     8.000     5.000     6.000     7.000     1.000     4.000     0.000     6.873     1.163    -0.219     0.090
    15.000         *    12.000     9.000    11.000     7.000    13.000    13.000    14.000    10.812     1.163     0.047     0.090
    11.000         *    11.000     8.000     8.000     6.000     5.000     6.000     6.000     9.344     1.163    -0.180     0.090
     6.000         *     4.000     3.000     5.000     4.000     6.000     5.000     3.000     4.963     1.163    -0.051     0.090
    13.000         *     3.000     3.000     0.000    15.000    14.000    10.000     9.000     5.832     1.163     0.162     0.090
    14.000    14.000    13.000    12.000     8.000    11.000     7.000         *     8.000    12.353     1.026    -0.220     0.094
     5.000         *     4.000     6.000     2.000     4.000     0.000     0.000     2.000     4.875     1.163    -0.175     0.090
     8.000         *    10.000    11.000     7.000     7.000     8.000     6.000     0.000    10.041     1.163    -0.293     0.090
    12.000         *     8.000     8.000     8.000    10.000    11.000         *     7.000     9.181     1.163    -0.075     0.097
    15.000         *     8.000     8.000     8.000     9.000     6.000    13.000    11.000     8.825     1.163     0.045     0.090
     4.000         *     3.000     2.000     0.000     0.000     0.000     8.000     2.000     2.808     1.163     0.006     0.090
     6.000         *     5.000     5.000     3.000     1.000     1.000     6.000     8.000     4.560     1.163     0.021     0.090
    17.000         *    15.000    16.000    12.000     9.000     1.000     5.000     8.000    13.736     1.163    -0.364     0.090
     7.000         *         *     9.000     8.000     8.000     7.000         *         *     8.691     1.408    -0.119     0.142
    17.000         *     7.000    10.000     9.000    14.000    14.000     9.000     5.000    10.750     1.163    -0.130     0.090
     2.000         *         *         *     8.000     5.000     6.000         *     6.000     6.460     1.658    -0.040     0.110
     3.000         *     3.000     5.000         *         *     2.000     2.000     6.000     4.223     1.263    -0.028     0.091
     5.000         *     5.000     3.000     2.000     5.000     2.000     3.000     9.000     4.172     1.163     0.036     0.090
    10.000         *     1.000     5.000     1.000     1.000         *     4.000     2.000     3.959     1.177    -0.079     0.091
    13.000         *     6.000     2.000     3.000     1.000     0.000     0.000     0.000     5.334     1.163    -0.253     0.090
     9.000         *    12.000    12.000     7.000     7.000     7.000     9.000    11.000    10.209     1.163    -0.073     0.090
     7.000         *     4.000     5.000     4.000     2.000     2.000     2.000     2.000     5.051     1.163    -0.149     0.090
     9.000         *    11.000     9.000     7.000     9.000     5.000     9.000     3.000     9.766     1.163    -0.198     0.090
     5.000         *     8.000    11.000     6.000     6.000     2.000     2.000     0.000     8.456     1.163    -0.315     0.090
    14.000         *     4.000     7.000     2.000     0.000     0.000     0.000         *     5.937     1.185    -0.311     0.113
     7.000         *     9.000     6.000     5.000     8.000     4.000     7.000         *     7.555     1.185    -0.101     0.113
     4.000         *     0.000     1.000     0.000     0.000     1.000     2.000     1.000     1.695     1.163    -0.036     0.090
    14.000         *    15.000    12.000     9.000     1.000     9.000         *     0.000    12.285     1.163    -0.441     0.097
    10.000         *     3.000     1.000     1.000     3.000     0.000     7.000     2.000     3.606     1.163    -0.034     0.090
     7.000         *     3.000    13.000     7.000     9.000    10.000     8.000    12.000     7.664     1.163     0.083     0.090
     7.000         *     6.000     5.000     6.000     7.000         *     1.000     2.000     6.591     1.177    -0.194     0.091
     9.000         *     6.000     5.000     6.000     9.000     8.000         *     0.000     7.381     1.163    -0.196     0.097
    14.000         *     1.000     1.000     2.000     6.000     6.000     9.000     3.000     4.122     1.163     0.037     0.090
    12.000         *    12.000    10.000     2.000    10.000     4.000     5.000     5.000     9.831     1.163    -0.238     0.090
     9.000         *     7.000    11.000     8.000    10.000     9.000     4.000     3.000     9.449     1.163    -0.217     0.090
    14.000         *    13.000    10.000    11.000     7.000     5.000     8.000     7.000    11.260     1.163    -0.213     0.090
     7.000         *     8.000     7.000     2.000     6.000     7.000         *         *     7.127     1.191    -0.127     0.137
    12.000         *     6.000     5.000     4.000     4.000     2.000     8.000     0.000     6.581     1.163    -0.169     0.090
     7.000         *     7.000     9.000    12.000    15.000    13.000    14.000    11.000     9.496     1.163     0.116     0.090
     8.000         *     6.000     5.000     3.000     1.000     4.000     2.000     3.000     5.616     1.163    -0.154     0.090
    10.000         *     8.000     8.000    12.000    12.000    16.000    15.000    13.000     9.638     1.163     0.160     0.090
    15.000         *         *     7.000         *    12.000    13.000     4.000     8.000    10.334     1.486    -0.142     0.099
    15.000         *    13.000    11.000     7.000    11.000    10.000     3.000     5.000    11.878     1.163    -0.308     0.090
    14.000         *     7.000     7.000     9.000     7.000     7.000     6.000     2.000     8.764     1.163    -0.206     0.090
    17.000         *    13.000    11.000    11.000    11.000     8.000     6.000    14.000    11.892     1.163    -0.112     0.090
    15.000         *    12.000    14.000    10.000     4.000     1.000     1.000     0.000    11.847     1.163    -0.498     0.090
     4.000         *     7.000     6.000     5.000     5.000     1.000     0.000     0.000     6.454     1.163    -0.265     0.090
    10.000         *    11.000     9.000     9.000     3.000         *         *     5.000     9.543     1.178    -0.205     0.099
    12.000         *     8.000     8.000     7.000     4.000     5.000     4.000     5.000     8.214     1.163    -0.184     0.090
     9.000         *     7.000     6.000     5.000     6.000     7.000     5.000     6.000     7.043     1.163    -0.081     0.090
     6.000         *     6.000     6.000     6.000     2.000     5.000     3.000         *     6.282     1.185    -0.161     0.113
    11.000         *     4.000    11.000     4.000     3.000     2.000         *     3.000     7.023     1.163    -0.198     0.097
     6.000         *     0.000     0.000     0.000     0.000     0.000     0.000     0.000     1.651     1.163    -0.087     0.090
     9.000         *    13.000    12.000    12.000     5.000     8.000         *     3.000    11.654     1.163    -0.311     0.097
    10.000         *         *    12.000    12.000    13.000     9.000     6.000     5.000    11.952     1.378    -0.249     0.097
     1.000         *         *     2.000     4.000         *     0.000     1.000         *     3.398     1.451    -0.120     0.119
    10.000         *         *    10.000    14.000         *    12.000     5.000         *    11.273     1.451    -0.197     0.119
    11.000         *         *     1.000     1.000         *     2.000     1.000         *     4.178     1.451    -0.165     0.119
    14.000         *         *    11.000     7.000         *     4.000     4.000         *    10.071     1.451    -0.298     0.119
    10.000         *         *    13.000     5.000         *     7.000     5.000         *    10.055     1.451    -0.238     0.119
    14.000         *         *     3.000     5.000         *     2.000     0.000         *     6.312     1.451    -0.271     0.119
     6.000         *         *     4.000     3.000         *     0.000     4.000         *     4.783     1.451    -0.117     0.119
    13.000         *         *     9.000     6.000         *     1.000     7.000         *     8.625     1.451    -0.195     0.119
    14.000         *         *    15.000    12.000         *     7.000     4.000         *    12.997     1.451    -0.368     0.119
